20.8810 19.9705
21.0049 20.0520
20.5054 19.8041
20.4809 19.8898
20.2986 19.7883
19.8107 19.3035
20.1157 19.5220
20.4477 19.7830
18.0760 17.2451
19.6220 19.1082
20.1173 19.6216
20.3141 19.7692
20.1844 19.6773
20.2476 19.5950
19.6106 19.1419
20.4935 19.9350
19.9505 19.5653
20.8163 19.9223
20.1221 19.3804
21.4690 20.1172
19.8180 19.3018
19.2926 18.8815
20.6036 19.8474
18.6138 17.9186
19.6764 19.1240
19.3387 18.8344
20.0257 19.5030
19.5759 19.2552
19.1603 18.6891
18.6894 18.0467
20.0034 19.1478
19.3066 18.8548
19.8047 19.2873
19.9312 19.6153
18.8052 18.0151
19.3096 18.7944
20.0534 19.5355
20.1323 19.4884
20.1320 19.8537
19.5253 18.9542
18.8886 18.1966
19.7321 19.3656
20.4124 19.4431
19.8831 19.3622
19.8410 19.2247
20.6628 20.0309
20.1340 19.5302
20.0755 19.5062
20.6368 19.7276
20.6690 19.8302
20.4967 19.7819
17.0862 17.5519
19.8841 19.3077
19.5236 18.9831
18.9764 19.7451
19.3532 18.7078
18.5484 17.8190
19.2830 18.7859
19.6969 19.2506
20.2199 19.6707
20.1045 19.5455
18.8338 18.3480
19.5433 19.1867
19.5748 19.2096
19.1311 18.6388
19.0113 18.6045
20.1056 19.3500
19.0744 18.5368
20.1926 19.7805
19.7118 19.2530
19.8678 19.2528
20.0371 19.6489
16.7559 15.8876
19.3832 18.9813
20.2779 19.7639
19.9005 19.3537
20.1917 19.5284
18.8217 18.0092
19.2971 18.6800
19.9477 19.4303
19.6447 19.0600
19.7979 19.3091
18.2305 17.4038
17.9642 17.1863
19.4943 18.9384
19.9052 19.3715
19.9473 19.4811
19.2235 18.7527
20.2312 19.5456
20.4959 19.8907
19.4086 18.9418
20.1816 19.5947
20.1222 19.5248
16.4699 15.9503
18.8435 18.2734
19.6440 19.1561
19.9492 19.2910
20.2935 19.7747
20.8793 20.0778
16.9038 16.0826
19.1266 18.6263
19.3582 18.9230
17.8129 18.1812
19.9604 19.2345
19.4196 19.1367
20.0085 19.5915
20.0549 19.6735
17.2061 16.3876
16.1049 16.4806
19.6233 19.1614
20.5176 19.8022
19.8597 19.5593
19.8950 19.2139
20.4986 19.7003
19.3001 18.8280
19.4097 19.0197
17.0585 16.2655
19.5442 19.0232
20.0219 19.6352
17.9305 17.1589
19.3550 18.8517
15.8671 16.1116
19.4225 18.9327
19.6194 18.9988
18.5433 17.4254
18.0332 17.2863
19.6135 19.2239
15.1877 14.1573
14.5841 13.5186
15.5389 14.5752
14.0314 12.8149
15.7527 15.9574
14.2923 13.0547
19.3537 18.8996
19.9899 19.5426
18.8744 18.2456
18.4509 17.9313
16.7753 15.9446
19.8604 19.3484
18.9937 18.2893
19.9726 19.3757
19.8759 19.4610
19.9402 19.4487
17.2354 16.4219
19.6952 19.1778
20.5073 19.6915
17.3069 16.4975
21.1958 20.0034
18.0715 18.7144
20.3625 19.7402
20.2124 19.6737
16.8610 17.3825
19.7826 19.3694
19.4848 19.1911
20.5778 19.6538
18.1918 17.4568
19.3790 18.8221
19.0634 18.5595
20.2158 19.5371
19.7076 19.2017
17.5559 16.7650
15.0854 14.0437
19.7813 19.2074
19.7423 19.2099
20.1448 19.6674
19.0529 19.5938
19.2023 18.7451
19.5424 19.2135
19.7033 19.1404
20.4889 19.6762
19.8136 19.4461
19.6477 19.1606
20.5436 19.9043
16.5660 17.0266
19.7966 19.1689
20.2023 19.8619
20.0646 19.5127
20.2482 19.5989
17.3821 16.5904
20.4798 19.9228
19.0812 18.5772
19.0366 18.5578
19.8737 19.2830
19.5300 18.8256
19.2625 18.7819
19.7702 19.3231
19.8469 19.5553
19.7463 19.0673
20.2562 19.3918
20.0438 19.6628
16.2171 15.3104
18.5479 18.0122
19.4211 18.9876
19.4434 18.9737
19.5471 19.0704
18.1338 17.3483
18.4500 17.6822
19.4026 18.9125
20.0877 19.5445
18.0071 17.1930
20.0498 19.5092
16.6541 15.8421
18.0681 17.3346
17.5001 16.7878
19.8849 19.5778
18.1719 17.3843
19.5238 19.0561
19.0874 18.6235
19.9604 19.5066
20.5825 19.7005
20.6127 19.8584
19.0826 18.5518
18.5679 17.7674
19.4296 18.9320
19.1548 18.7250
19.3501 18.8686
19.7898 19.4192
20.0561 19.5439
19.8723 19.4356
18.7065 18.0451
19.9699 19.5825
18.6649 17.9648
19.4658 19.0355
19.5249 19.0639
19.9247 19.3505
20.0979 19.4317
18.4435 17.6660
19.3204 18.8240
17.8018 17.0450
19.1831 18.6574
19.8072 19.4696
18.0252 17.2506
19.4513 19.2152
19.6416 19.2640
20.0199 19.5714
18.7190 18.2001
19.5520 18.8558
19.3895 18.9631
20.1899 19.5038
20.7926 19.9188
19.1762 18.7515
19.3964 18.8338
19.5418 19.1577
19.8004 19.2235
19.1104 18.6047
18.9335 18.3335
20.0600 19.4055
19.6868 19.2444
19.9830 19.5514
20.6040 19.9070
19.3405 19.0223
18.5236 18.1355
19.8360 19.5482
19.9232 19.5030
19.1318 17.9494
20.0946 19.4775
19.2906 18.7972
19.3893 18.8502
20.2432 19.5924
19.2282 18.8527
19.3813 18.9577
20.5272 19.8816
16.8467 16.0622
19.0934 18.4601
19.7732 19.3398
19.4873 19.1463
18.2761 17.4934
18.2255 18.8712
19.8778 19.3529
19.4907 19.0834
18.6896 18.0468
17.0071 16.4219
19.8063 19.3095
19.1221 18.6425
20.2824 19.8372
16.3874 15.7315
15.7847 14.8473
19.1771 18.7283
18.7983 18.6315
18.9783 18.3844
21.1379 18.7546
20.9585 19.1952
18.8352 18.1223
19.6178 19.1810
19.8150 19.2982
18.3995 18.7023
18.6592 17.9622
19.2908 18.8340
19.6386 19.1168
21.0301 17.9068
19.2713 18.8615
18.1718 17.4557
17.9527 18.4561
19.4347 18.9684
19.7297 19.0403
20.2961 19.9581
20.5222 19.8567
16.9647 17.4748
20.3217 19.6197
20.1005 19.4515
19.4428 18.9370
18.6768 18.1791
19.6933 19.1129
19.4455 18.9310
19.1070 18.6461
18.8945 18.6342
19.3250 18.7775
19.9762 19.2834
19.7242 19.1002
19.8122 19.2389
20.1921 19.2990
18.5498 17.9985
20.0635 19.4547
19.5994 19.1590
16.2264 15.3348
17.8632 17.0844
18.8494 18.3023
19.4724 19.0174
20.0088 19.4147
20.3198 19.6222
19.6593 19.4496
19.2196 18.7105
17.3796 16.5625
19.3440 18.8715
19.2719 18.7628
19.5970 19.0594
19.3994 18.9259
19.6073 19.3274
20.2058 19.7571
20.7508 19.8501
17.3953 16.5845
19.9809 19.3526
20.5716 19.8466
18.7577 18.0951
19.6201 19.1323
19.5291 19.2731
18.0109 17.2820
19.7312 19.2535
19.9190 19.2815
16.6417 15.8204
19.8724 19.4137
14.8273 13.7427
19.4122 18.9076
20.4465 19.8627
19.5745 19.1363
19.5720 19.0247
19.7141 19.2652
18.4458 17.7691
18.7804 18.0345
15.8947 16.2004
19.8189 19.2355
19.0495 18.8651
19.3063 18.8416
18.4601 17.9116
19.0663 18.5045
19.0779 18.4753
19.8850 19.4750
20.6698 19.7219
20.1451 19.7811
19.3503 18.8437
19.5107 18.9743
19.5771 19.1618
19.6234 19.1357
19.8957 19.5078
19.7628 19.2192
17.1592 16.3419
18.4502 17.7209
19.5464 19.0522
19.4098 18.9550
19.9132 19.3507
17.2883 17.7502
19.0490 18.5666
19.7950 19.2649
19.8894 19.4447
19.5584 18.9969
19.6208 19.2809
20.4343 19.8108
19.5376 19.0226
19.1906 18.8063
20.0318 19.5456
18.8062 18.4081
19.4930 18.9912
19.2788 18.7444
19.7821 19.3763
19.3062 18.8317
19.4140 18.9408
20.1857 19.8407
18.9352 18.2556
19.5774 19.0164
19.7427 19.2220
20.8945 19.5323
19.4207 18.8836
19.3892 18.9370
19.3894 18.8889
18.3354 17.6084
19.6252 19.2630
19.6750 19.0616
18.0825 18.6325
19.0357 18.3936
19.3721 18.9190
20.1650 19.5719
19.0008 18.4526
19.4107 18.8473
18.8533 18.1776
15.6703 14.6975
20.0754 18.1618
20.1615 19.5481
18.1579 17.3910
20.4146 19.6525
18.8577 18.2379
19.6375 19.1363
19.7316 18.9365
19.0749 18.6113
19.7341 19.2968
16.5605 15.7042
19.1572 18.2880
19.5639 18.9897
18.4603 17.6431
19.2051 18.6063
20.2334 19.5389
19.7465 19.2402
18.9397 18.4972
18.9166 18.2812
19.5050 19.0491
19.6459 19.1836
19.7238 19.3363
18.9574 18.4192
18.9209 18.5140
18.9704 18.3851
16.3670 15.5016
18.8827 18.2469
19.0462 18.0003
19.9860 19.4818
18.5133 17.7981
19.7690 19.2701
19.5347 19.1732
19.9232 19.6187
18.8577 18.3447
19.0182 18.5139
19.8473 19.3267
19.9308 19.7960
20.5346 19.8248
19.6806 19.1039
20.3115 19.7621
19.2284 18.7308
19.3052 18.9081
19.5547 19.0786
15.3462 14.3141
14.7262 13.6022
19.6718 19.3734
19.9308 19.3260
19.4857 17.5736
19.5252 19.0340
20.1132 19.4305
19.5358 19.2342
15.9707 15.0545
16.8915 16.0654
18.1416 17.3713
18.8395 18.3797
19.6103 19.0114
19.1119 18.7390
19.7099 19.2670
19.7276 19.2933
20.7642 19.9151
17.7701 16.9834
15.7252 16.0042
19.5457 19.1535
17.8993 17.1313
18.9131 18.2188
19.4763 18.8834
18.9689 18.3378
18.9486 18.5205
20.0961 19.6631
19.1167 18.4806
19.0799 18.4710
17.6546 16.8698
19.0892 18.4477
19.9665 19.4659
20.0093 19.4773
19.5337 19.0732
19.8583 19.3045
20.0940 19.5646
20.1287 19.6228
19.6743 19.2684
18.0072 17.2526
19.1848 18.7254
19.3511 18.8701
19.6683 19.0814
19.5284 18.9770
18.6960 18.1297
18.8833 18.2407
20.1986 19.6520
15.7515 14.8128
19.7133 19.0505
19.5930 19.1398
19.4661 19.1075
19.8021 19.4236
19.9521 19.1492
19.2617 18.7494
19.3568 18.8581
20.5391 19.7291
20.1620 19.5583
15.6759 14.7090
16.1073 16.5142
20.0044 19.3525
16.8577 17.3949
19.5038 19.0440
19.3226 18.9478
18.9590 18.4450
19.5522 19.0698
16.8990 16.0851
16.2832 15.4117
19.7468 19.3674
19.7675 19.3528
17.3182 16.6028
18.9599 18.3198
19.0305 18.5768
20.0048 19.3250
20.6495 19.7970
19.5712 19.1498
20.0887 19.5473
19.9694 19.4696
18.8529 18.3341
19.4363 19.0349
19.2967 18.8957
20.1795 19.5566
19.4561 18.9766
16.6751 15.8525
19.1160 18.5997
17.8869 17.1379
19.4724 19.0972
18.2068 17.5010
19.4980 18.9538
19.5403 19.0173
19.2357 18.6231
19.7356 19.1193
19.3013 18.7709
20.3191 19.6783
19.3727 18.8768
18.7893 18.4300
20.0962 19.5060
19.2534 18.7720
18.5317 17.8177
19.1817 18.7176
18.0759 17.3535
19.6801 19.2096
19.5850 19.0025
19.6633 19.2069
15.7952 14.8612
19.6419 19.2071
17.2844 16.4779
18.9619 18.6032
19.1351 17.6362
20.1522 19.5866
19.3458 19.0469
19.5445 19.0982
19.5548 19.2084
19.2276 18.9305
18.8641 18.4250
18.6110 18.2079
19.4994 19.1954
17.8957 17.1454
19.1409 18.6710
20.4411 19.6511
14.9321 13.8544
18.3719 17.5550
19.6182 19.1796
19.9822 19.3767
20.4931 19.6496
19.9241 19.4694
19.4856 19.0817
19.8215 19.1906
18.0800 17.3721
19.7442 19.2822
19.0023 18.3555
19.0130 18.4981
19.6528 19.0830
18.6823 18.0398
19.6513 19.1768
19.6127 19.1367
19.0657 18.6990
19.1146 18.5891
19.9588 19.3217
19.3970 18.8652
19.4682 19.0830
15.8550 14.9308
19.0605 18.7930
19.3492 18.9555
19.3731 18.8603
19.6651 19.0833
19.3515 18.8355
19.3744 19.0014
18.8215 18.2294
16.2607 16.6454
17.6481 16.8700
21.0133 19.8069
18.9347 18.4714
19.1355 18.7246
19.3245 18.8323
18.6162 18.1597
15.7778 14.8569
17.7184 16.9761
19.7453 19.3356
20.1453 19.4728
19.5237 19.0368
19.2913 18.7265
18.9394 18.4010
19.5009 19.1623
18.7607 18.9966
19.6649 19.1278
20.0488 19.2781
19.0968 18.7158
20.1308 19.3711
18.9622 18.4807
19.8201 19.3872
19.8026 19.2951
19.3064 18.9088
16.2000 15.2932
19.8269 19.2387
19.1529 18.6944
16.6936 15.8407
19.0982 18.6446
19.7872 19.3276
16.3584 15.2701
17.8408 17.1283
18.8054 18.2934
19.0898 18.3865
18.7849 18.0208
18.7793 18.2015
18.0016 17.2561
20.0340 19.2964
16.1317 15.2370
18.0968 17.2737
19.5775 19.1314
17.9084 17.1670
18.7394 18.2100
18.8926 18.1430
19.0096 18.4379
16.5704 17.0094
20.0662 19.3675
19.5571 19.3440
19.2298 18.7156
20.2958 19.5498
16.6060 15.7669
19.3016 18.7270
19.9261 19.3704
18.5342 18.2226
16.9094 17.3949
17.1987 17.7169
19.6999 19.1476
19.4527 19.0604
19.6390 19.2134
20.2478 19.4923
18.9513 18.5909
19.0870 18.5658
19.8971 19.3020
20.1981 19.6454
20.2503 19.6467
19.1105 18.7683
19.5363 19.0550
19.4342 19.0437
18.5462 18.0460
17.9051 17.2294
13.9822 12.7119
18.9910 18.4879
18.9156 18.5720
18.9710 18.4683
18.9434 18.4965
19.9324 19.4134
19.1068 18.6070
19.2669 18.6898
19.0110 18.5481
19.1632 18.7111
19.5188 19.0325
18.3797 18.5757
19.1416 18.7601
19.0307 18.8319
20.2372 19.5361
19.5042 19.0800
15.0824 14.3440
16.3975 15.5184
19.3426 18.8629
19.5046 19.0786
19.4595 19.0023
19.0593 18.5889
19.9436 19.4361
19.3293 18.8707
19.6602 19.2344
18.6613 17.9915
19.8822 18.6180
17.9286 17.2275
18.3228 17.6279
19.6168 19.0690
18.6792 18.0628
19.7957 19.2709
19.6147 19.1187
19.5913 19.1929
19.2658 18.7899
20.1581 19.6925
20.4666 19.8085
19.4285 19.0808
18.7487 18.1105
18.4686 17.9228
19.8642 19.4249
19.4127 18.9849
19.6225 19.2628
20.2169 19.7553
18.8336 18.2035
19.7115 19.3193
19.4407 18.8749
20.1342 19.4916
20.8375 19.8692
17.5623 16.7562
19.4198 19.0039
17.7270 17.0215
18.4951 17.7997
19.2850 18.8650
19.6148 19.1117
19.1440 18.6588
16.1132 16.4763
17.3614 16.6026
19.3904 18.9032
19.8105 19.2577
19.7459 19.2863
17.9603 17.2802
18.1079 17.4737
16.5684 17.0275
19.7297 19.1970
19.9873 19.6772
19.2766 18.7674
19.8339 19.2827
19.5591 19.1458
20.1505 19.6662
18.3276 17.7739
18.5763 17.8875
19.6880 19.1393
19.6266 19.2299
19.2635 18.8494
16.9964 16.1787
15.8113 14.8901
16.7778 15.9601
19.1793 18.8055
19.3958 18.8350
19.8914 19.7538
17.5392 16.7767
19.5994 19.0468
14.7486 13.6454
17.9236 17.2800
19.1821 18.7046
19.1480 18.7142
18.9698 18.2999
19.7277 19.2250
19.8224 19.1589
18.9059 18.4874
19.4590 18.9262
20.5205 19.8328
18.8375 18.2367
19.1360 18.5480
17.9666 17.2052
19.3303 18.8164
18.0990 17.3896
19.0535 18.5922
19.3986 18.9445
19.1300 18.7733
18.4355 17.6786
19.1074 18.6859
19.0750 18.6173
19.8266 19.2946
18.7954 17.9998
16.2060 15.3072
19.3693 18.9954
19.1402 18.5341
18.3370 18.6606
20.2037 19.4991
19.0431 18.3650
18.3884 17.8673
18.9775 18.5301
20.6051 19.7657
13.3901 11.6104
17.7491 16.9597
19.0751 18.6301
19.8660 19.5123
16.0250 15.1059
15.4400 14.5772
18.9152 18.3843
19.2482 18.7491
20.1309 19.4240
19.0947 18.8356
19.5004 19.0350
19.0649 18.5212
18.9143 18.3434
19.8520 19.4119
19.5376 18.9966
18.5622 17.9824
16.8865 16.0705
18.5180 18.0877
19.0177 18.5275
19.5624 19.1392
20.3132 19.8689
18.2910 17.5395
17.5956 16.7384
15.1534 14.3517
17.1366 16.3585
19.0146 18.6034
18.2766 17.6231
18.7651 18.3734
20.2332 19.5717
19.5759 19.1610
19.9480 19.3679
18.7781 18.0570
19.0807 18.7804
18.9091 18.4166
19.9871 19.3022
19.3790 18.7649
18.8690 18.3935
18.8861 18.2600
18.8436 18.2310
19.7938 19.2463
19.4082 18.9128
19.2458 18.8462
19.9260 19.5011
19.4421 19.0290
19.0840 19.1948
16.6036 15.7687
18.7329 18.0345
19.6882 19.0729
18.9448 18.3195
18.8988 18.4978
19.2998 18.7082
18.2110 17.7629
18.2452 17.8885
19.9666 19.3140
19.2332 18.7931
18.2493 17.5697
16.1116 15.2292
19.1960 18.7985
19.5496 19.2036
19.9745 19.4974
17.1804 16.4228
18.3786 17.4925
15.2498 14.2917
20.6691 20.3028
16.8744 16.0800
18.2916 17.5135
18.1932 17.6163
19.8257 19.3607
15.6112 14.6628
19.3616 18.9511
18.9115 18.4205
17.8119 17.0329
18.2879 17.6236
18.6155 18.2357
18.4814 17.8459
19.2066 18.7344
19.2151 18.9488
18.3501 17.6118
19.7029 19.2167
16.4248 15.8514
19.0415 18.5511
19.0695 18.6846
19.6172 19.1105
19.6804 19.3500
18.6147 18.1190
18.3723 18.0164
17.6220 16.8658
19.2352 18.7492
18.7855 18.2013
18.7322 17.9793
18.8802 18.2760
18.9844 18.7210
19.6177 19.1211
19.2415 18.8490
18.8684 18.1353
18.6477 17.7161
18.6615 18.2358
19.0861 18.4035
15.9265 14.9874
16.8503 16.0810
19.5139 19.0804
18.6203 17.8796
17.9047 17.1302
19.9378 19.2015
19.2500 18.7924
15.7531 15.9369
19.0414 18.6083
19.5835 18.9507
18.6584 18.2022
18.6310 18.1335
16.5133 15.6955
19.3933 18.7688
19.4321 18.9567
19.2642 19.0342
19.1624 18.7437
18.3091 17.6949
18.2556 17.6010
20.1757 19.3235
16.7763 15.9632
19.3633 18.9278
19.0477 18.6457
19.9252 19.4953
19.9330 19.3777
18.6607 17.9861
18.7395 18.1161
18.7337 18.1610
18.9978 18.5478
19.2536 18.8190
18.8117 18.0365
16.4896 16.9412
17.9936 17.3064
19.6141 19.0723
18.7924 18.3363
20.2042 19.5411
18.4636 18.0128
18.9178 18.2949
18.5210 17.8816
19.6491 19.2122
18.7113 18.1865
18.5427 17.8348
19.1448 18.4659
18.6136 17.9585
19.3620 18.8933
19.6133 19.1429
18.7659 18.1314
18.5631 17.9287
19.0432 17.9052
13.4245 11.8287
19.0234 18.4776
17.2887 16.5172
19.2826 18.8942
17.3545 16.5386
19.6478 19.1831
19.4012 18.7827
18.8613 18.3161
19.7192 19.3444
17.6859 16.8964
18.9763 18.4778
15.7538 14.8031
19.0780 18.6956
19.9098 19.3544
19.0208 18.4411
18.9953 18.5855
18.6158 17.8336
18.5155 18.0778
17.9378 18.1558
18.5919 17.9411
16.0147 15.1172
16.6460 15.8463
19.8268 19.2827
18.6165 17.8907
19.2494 18.8118
17.7070 17.0022
18.7784 18.3874
18.5664 18.0746
16.0641 16.3709
18.7234 18.3129
19.0330 18.4727
19.5153 19.0924
18.6877 17.9044
17.2317 17.7504
18.0766 17.4044
18.9039 18.3746
18.6115 18.0290
17.4909 16.7204
16.7668 15.9471
19.0332 18.4381
16.4909 15.6687
18.8859 18.4237
18.1370 17.6906
19.1747 18.6021
18.9355 18.1288
18.4225 17.7094
17.1836 16.3736
19.2224 18.8020
19.2538 18.7311
18.8199 18.3079
19.5628 19.1360
18.2265 17.4397
14.9977 14.0930
18.8841 18.1725
18.9596 18.4076
16.1445 16.4595
18.8923 18.2355
19.5049 19.1094
17.1437 16.3871
17.6351 16.8633
18.7021 17.9311
18.1708 17.5908
19.3642 18.7990
18.8529 18.3964
16.3677 15.5661
17.1170 17.3897
18.7553 18.0276
17.1200 17.6043
18.6878 17.9527
19.8546 19.4959
18.9155 18.2624
18.7388 18.2771
19.1237 18.6810
18.4585 17.7000
18.0895 17.4487
19.1093 18.6559
17.2319 16.4027
19.6782 19.2698
19.4548 18.9009
19.9607 19.4670
18.5490 18.0600
15.7982 15.9938
18.2464 17.7495
18.7280 18.0676
18.8140 18.2341
19.3379 18.7769
14.1228 12.8427
19.4827 18.9216
18.9524 18.5987
19.4657 18.9660
18.4941 17.8983
19.1726 18.6221
18.7876 18.1911
17.5383 16.7119
14.6419 13.4995
19.7233 19.3035
18.9587 18.3927
17.0017 17.4891
16.5460 16.9884
19.4426 18.9158
18.7281 18.3139
19.3776 18.6990
16.5923 15.7808
16.7603 15.9552
15.9311 16.2511
17.3940 16.6667
18.9792 18.5060
17.8815 18.0632
16.5260 15.6937
18.7421 18.3022
19.4185 18.7910
18.7667 18.2673
18.6169 18.0689
18.7950 18.3731
15.9078 14.9795
16.3515 15.4915
13.7821 12.3710
18.4133 17.9236
19.1966 18.7896
19.7716 19.2820
15.8402 16.0583
18.6881 18.1290
19.7042 19.3382
16.6732 15.8410
18.4730 17.6865
19.7619 19.3272
18.0144 17.2257
16.5902 17.0132
15.8331 14.9020
18.9974 18.4145
19.1736 18.6380
16.4252 16.6412
17.7248 18.2563
18.5760 17.8137
15.7586 14.8196
14.3801 13.1665
18.1017 17.4117
18.9216 18.4893
17.9456 17.2385
18.7194 18.2579
18.4018 17.7869
19.8721 19.3717
18.9889 18.5127
19.6124 19.1590
15.7919 14.8481
19.2896 18.4900
18.7241 18.0044
18.6592 18.0163
19.7583 19.1626
18.6017 17.9077
15.3848 14.3961
15.4160 14.4069
18.8728 18.4048
19.1096 18.5225
19.2295 18.6836
19.5976 19.0005
19.1325 18.6482
19.6935 19.3289
16.3026 15.4533
18.7832 18.2494
18.6519 17.9032
18.6966 18.1222
19.0731 18.4460
19.4542 18.8541
19.0790 18.3611
18.8060 18.1883
20.6320 19.5962
17.7238 17.0830
19.6167 19.1206
18.3251 17.6362
19.4672 18.9670
19.8948 19.4805
20.4738 18.3191
18.4879 17.7009
18.1307 17.5259
16.8440 16.0077
18.9522 18.3097
18.8091 18.1092
20.1603 19.4416
20.1780 19.6919
18.8850 18.2447
18.8678 18.2544
19.6805 19.3720
17.3948 16.6629
18.8152 18.0949
19.0075 18.3628
18.4919 17.9810
18.7345 18.0378
18.4453 17.7666
19.1666 18.8149
19.9613 19.3291
17.3537 16.6086
18.4200 17.8291
17.6760 16.8932
19.3173 18.7816
19.1650 18.6703
19.0769 18.5046
18.7011 17.9713
17.5182 16.9844
14.3313 13.2299
18.9290 18.4818
16.3306 15.4609
17.6633 17.0348
15.9437 16.2635
19.3533 18.7635
18.5568 17.7979
19.7165 19.3842
18.4935 17.7148
17.4371 16.6779
13.7288 12.2830
19.3953 19.0992
17.9502 17.2135
16.6812 17.1434
17.6007 16.8397
20.6255 19.6511
14.2335 12.9812
17.8919 17.1430
18.9082 18.3825
18.0003 17.3213
19.2576 18.6595
17.9952 17.2425
18.5931 17.9297
19.3231 18.9928
19.8558 19.3489
17.5497 16.9087
17.5439 16.8368
19.3481 18.7353
16.0687 15.1624
15.0888 14.0453
15.7911 14.8499
18.3134 17.7139
18.1412 17.6992
18.0615 17.5270
20.0111 19.4001
17.9878 17.2051
18.3021 17.9060
18.3473 17.6709
19.6228 19.0801
18.7040 18.1070
19.0732 18.5770
18.2864 17.5940
18.7998 18.3515
17.7195 18.3971
19.0357 18.6216
18.4604 17.6896
19.6705 19.3050
17.3097 16.6858
17.9288 17.1508
18.7602 18.0549
18.9137 18.2893
19.0821 18.5838
20.0924 19.6115
19.7894 19.2893
18.0691 17.3934
15.7818 16.0371
14.5870 13.4156
17.9199 17.4421
17.8910 17.5048
13.5932 12.0431
18.1228 17.3921
18.5447 18.0608
16.4322 15.5626
19.1938 17.8996
18.8136 18.2627
18.9707 18.6384
18.2558 17.5550
17.9441 17.2411
18.3136 17.7481
18.9511 18.4211
18.3230 17.6139
19.0226 18.5612
19.5534 19.0813
18.4998 18.1732
19.4237 19.0146
19.2011 18.6368
17.7908 17.2165
17.4759 16.7552
16.4511 15.6385
19.0652 18.6361
19.8269 19.3344
19.5973 19.2061
19.7676 19.1465
18.7347 18.0486
17.4097 16.6893
14.6342 13.4874
15.5192 14.5366
19.2418 18.6112
17.8969 17.0965
19.2357 18.8044
18.7165 17.9710
17.1118 16.3067
17.9295 17.7667
17.9762 17.4527
17.9821 17.3366
18.1541 17.5436
19.2847 18.6925
17.3238 17.6338
16.9860 16.2176
19.2613 18.8379
14.2575 13.0965
19.5793 19.0532
18.5662 17.9085
19.9524 19.2905
19.9913 19.5311
16.7292 15.9051
14.7298 13.7129
16.0845 15.1802
15.6357 14.6784
19.6471 19.2854
18.7077 17.9960
18.1001 17.4160
16.2946 16.7306
18.9030 18.4162
19.5190 19.1323
19.4809 19.0876
19.7284 19.1887
17.5011 16.7492
17.6468 16.8505
18.3796 17.7264
18.0263 17.6001
20.0260 19.4998
18.0762 17.2950
19.1833 18.8970
18.5251 18.0458
16.6152 15.8236
18.9896 18.5038
18.0835 17.3311
17.9172 17.1538
18.9494 18.3339
18.9898 18.4334
16.0571 16.4352
19.0225 18.3353
15.4387 14.4660
19.8020 19.4664
19.6906 19.1604
16.8770 16.0495
15.6728 14.7271
16.1414 15.2718
18.4159 17.7755
19.6146 19.2645
18.3966 17.8677
19.8134 19.1351
18.2458 17.4949
17.7444 17.0785
18.1366 17.4887
18.9143 18.2281
18.4224 17.6318
19.5391 19.2037
18.2469 17.5276
19.8128 19.4682
13.9246 12.5547
18.5330 18.1044
17.1252 16.3523
16.6352 15.7718
19.0941 18.6911
18.3424 17.6665
15.7928 16.1440
17.7325 17.1409
15.9213 14.9718
19.6007 19.1242
18.4952 17.7819
16.7617 16.0313
15.8984 16.1730
16.8275 15.9882
17.6902 16.8515
19.9379 19.3483
18.1787 17.5976
16.8617 17.3739
19.0515 18.6492
19.8316 19.6010
16.8617 16.0331
19.0075 18.5063
19.6290 19.2066
19.3819 18.9408
19.6334 19.0427
20.1945 19.2583
16.2912 16.3599
16.3303 16.7491
19.5900 19.1050
19.0708 18.4956
16.4417 15.5907
15.8519 16.1171
15.2183 14.3994
18.4653 17.6877
15.8499 14.9079
18.3615 17.7581
17.5605 16.7916
16.6867 15.8867
15.7675 14.8544
18.4662 17.1567
19.1477 18.7099
17.6984 17.0270
17.9365 17.1690
16.1109 15.2106
15.2848 14.3396
14.4707 13.2815
15.5639 14.7322
15.3648 14.3636
16.0115 16.3666
17.1098 17.6931
17.4927 16.7804
17.8665 17.2310
19.5055 18.6736
15.8026 16.0645
18.0013 17.2825
19.5784 19.0379
18.8113 18.1511
14.8772 13.8168
16.3233 15.4428
13.3844 11.6957
15.6249 15.6048
19.0451 18.5126
17.7496 17.1178
16.0597 15.2144
15.7435 15.9281
18.3171 17.6453
18.2893 17.5325
20.0926 19.3406
16.9638 17.3216
18.8736 18.2081
15.1229 14.0829
17.8924 17.2288
17.4689 16.6703
17.9989 17.1460
18.3067 17.8580
16.9835 16.2439
16.9381 16.1517
19.2054 18.7950
19.5466 19.2189
18.1446 17.8391
19.8159 19.4474
17.5261 16.8259
18.8568 18.3125
19.3008 18.8190
17.5134 16.9451
15.3636 14.3678
18.4807 17.7820
19.0134 18.5311
18.9086 18.5446
15.9656 16.0145
15.7384 14.9957
18.6808 18.1132
15.6633 15.8243
19.3823 18.8853
18.8838 18.4088
18.5373 17.7755
19.1374 18.5843
19.1242 18.6518
19.6620 19.2805
19.2547 18.7041
18.3007 17.5735
19.1883 18.6940
19.4932 19.1538
19.3994 18.9370
19.3484 18.8487
15.9675 16.3211
19.6790 19.2467
20.3382 19.6524
17.8583 17.1650
18.8359 18.0472
19.0151 18.3464
16.5657 15.6614
19.8314 19.2400
19.0972 18.6944
19.3829 18.8734
19.3115 18.8881
17.5593 16.7579
17.0574 17.4147
16.7986 16.0087
18.1448 17.4779
19.9451 19.4452
13.9274 12.5829
19.8696 19.4040
17.6185 17.0386
17.6582 16.9482
19.1407 18.7285
19.5223 18.9969
16.2587 15.3738
16.7706 15.9685
16.5423 15.6990
17.6145 16.8463
13.6127 14.1942
19.0299 18.5868
18.9943 18.3887
17.9622 17.2520
18.4864 17.7356
19.5172 19.0735
15.3422 14.3483
16.4188 15.5424
16.5927 17.0329
19.5253 19.1499
17.7273 17.1622
19.1399 18.7397
16.6049 15.7511
18.8822 18.3275
16.0769 15.1656
17.0581 16.2313
16.0417 16.1445
18.9660 18.5823
16.9099 16.0909
18.9747 18.3558
19.8311 19.2561
15.6439 15.7279
18.9962 18.4600
17.3256 16.5177
16.2906 15.4723
18.2049 17.7001
18.4285 17.6468
18.9164 18.5713
19.5220 19.0874
15.9804 15.0594
15.7054 15.8458
15.8775 14.9459
19.3845 18.8054
18.2681 17.5582
17.0402 17.2036
19.3905 19.0013
17.5917 17.0763
17.4596 16.6255
17.9150 17.2793
19.1289 18.6351
15.1787 14.1348
18.3619 17.5146
17.7220 17.0427
18.8832 18.3922
16.1005 16.4794
16.0352 15.1953
17.4352 16.6657
18.8350 18.0964
17.9156 17.4999
18.2039 17.6074
20.0940 19.5343
15.5735 14.6183
17.9209 17.1280
19.5607 18.9653
16.8367 15.9594
15.8915 14.9910
17.5266 16.8509
16.8902 16.1349
18.6806 18.0703
18.3117 17.5455
19.0774 18.5964
18.5817 18.0464
19.6340 19.0697
16.3006 15.4680
16.2381 16.5005
17.9236 17.2259
20.1069 19.5096
19.5255 19.0324
19.7258 19.1789
15.0448 14.0160
17.5667 16.7669
16.5359 15.6683
19.6745 19.1625
17.7141 17.0517
14.8347 13.7263
17.4459 16.9041
18.8355 18.2932
18.7232 18.1535
19.5440 19.0858
17.3889 16.6458
17.0760 16.9732
19.5258 18.8859
19.2991 18.7857
17.2474 16.4564
19.1207 18.5081
17.2574 16.4592
19.1342 18.7496
17.9457 17.2146
16.1089 16.2937
14.8052 13.8568
19.1164 18.7222
20.5586 19.6116
19.9968 19.2320
19.2034 18.8137
19.2392 18.7627
18.0764 17.3479
15.9589 16.2611
17.9076 17.1118
16.6320 15.8345
19.5974 18.8043
19.8218 19.2506
20.1727 19.4202
17.5863 16.9116
20.0830 19.5522
15.9171 16.1968
18.7079 18.2384
17.0001 16.2534
17.7758 16.9720
19.1588 18.6280
17.8247 17.1935
19.6867 19.1537
17.9650 17.2396
15.0508 13.9944
17.4489 17.3598
15.2285 14.2772
16.2810 15.4166
20.0288 19.3834
19.5651 19.2154
19.6264 19.3117
19.1536 18.6189
19.5915 19.1081
14.9540 13.8913
15.6023 14.6638
18.2096 17.7072
22.4693 19.1969
19.1897 18.6432
17.1260 16.3523
16.2135 15.4614
18.4116 17.6921
18.2434 17.6413
18.4269 18.0647
14.6623 14.0386
18.3581 17.5941
17.1370 16.3562
19.1132 18.5923
19.2901 18.8878
18.9175 18.4291
19.2423 18.9068
15.6001 15.6162
18.5112 17.7121
15.7311 14.8146
17.2645 16.5939
19.0389 18.4597
18.8115 18.2400
16.3193 15.4894
14.2873 13.0471
15.7365 14.7982
19.4973 18.9847
18.9346 18.3958
19.6485 19.1706
18.6749 18.1907
19.2467 18.8812
16.5910 15.7373
18.4481 17.9981
16.5658 15.7108
18.0169 17.2493
17.6259 16.7276
18.8216 18.2529
18.4671 17.7700
15.8432 16.1157
19.4539 18.9812
19.1927 18.7393
19.6241 19.0692
19.6020 19.1090
15.4236 14.4165
17.8192 17.1030
16.7631 15.8997
18.9399 18.3055
17.7639 17.1135
18.4440 17.9358
20.0381 19.2916
13.4252 11.7552
18.5713 17.9489
16.0338 15.1480
19.0922 18.6037
19.8579 19.2981
15.0211 13.9621
19.6436 19.2235
15.4843 14.7483
16.0735 15.2891
16.4960 16.8615
16.5209 15.7474
18.3534 17.8353
18.9751 18.4243
15.4860 15.4689
15.7561 14.8107
18.7988 18.1449
18.9161 18.3066
19.8018 19.0803
17.0403 16.2826
16.9646 16.1396
17.7803 16.9808
18.4548 17.7022
19.0637 18.4423
19.0577 18.5481
17.4501 16.6882
19.4859 19.0199
19.9093 19.2744
19.2156 18.8168
19.4590 18.9059
14.1429 12.8549
19.5195 18.9226
15.6823 14.7029
17.1777 16.3411
19.6971 19.3278
18.6990 17.9650
19.4939 19.0217
19.1259 18.6520
16.6690 16.9047
15.2444 14.2404
17.3209 16.6443
16.7960 15.9934
19.5605 19.0583
15.9450 16.2427
17.8296 17.2256
17.5884 16.8061
19.3931 18.8648
17.1722 16.5042
19.5206 19.0800
19.6631 19.1885
19.4502 18.9753
18.1532 17.6136
18.3652 17.8534
19.9091 19.4339
15.2118 14.3702
17.2077 16.4658
17.4624 16.6537
16.4719 15.6884
17.7295 17.0672
16.0549 16.3868
18.3773 17.9340
19.5307 19.0424
16.0724 15.2853
20.2868 19.7298
15.9660 15.0238
17.4567 16.6281
16.5091 16.1665
18.1831 17.6052
16.6671 16.0605
16.6691 15.8196
15.4060 14.6276
19.1992 18.7270
19.1393 18.7814
18.8597 18.3980
18.3158 17.8865
16.4836 16.8327
17.3072 16.6387
16.6323 15.7671
16.7181 15.9219
19.4640 19.0791
19.5900 19.0460
17.1178 16.3560
18.4840 17.8361
17.7211 16.9393
19.2664 18.9105
19.7900 19.2398
17.5919 16.9514
19.8482 19.5718
17.7083 17.0513
17.1599 16.5583
18.9339 18.5178
19.1064 18.5825
16.0112 16.2882
19.2025 18.7153
17.7310 16.9706
15.8063 14.8670
19.2623 18.4898
17.4094 16.6419
16.1071 16.4204
19.0238 18.4964
18.1426 17.6371
17.4105 17.6305
17.8309 17.0638
15.5678 14.7202
18.6755 17.9913
19.3204 18.9564
18.8968 18.1061
19.4728 19.0126
18.5802 17.8581
15.8159 16.1946
19.7127 19.3382
17.6430 16.8568
18.3704 17.7541
17.5616 16.8882
18.1338 17.3662
17.5528 16.7958
18.5950 18.0583
19.0068 18.4167
18.4927 17.9678
18.7187 18.2317
14.9759 14.0099
19.2356 18.7596
16.0639 15.2555
13.9059 12.5432
15.8613 14.9524
19.2245 18.7548
17.7684 17.1467
17.4332 16.6662
19.0043 18.4776
17.0107 16.9282
16.2880 15.4150
19.3586 18.8753
13.7230 12.2932
18.7317 18.2066
17.0109 16.1582
19.1344 18.6604
19.9257 19.5862
16.4829 15.7067
19.7505 19.3067
17.1677 17.2537
16.8192 15.9991
17.4396 16.6400
16.2137 15.2938
18.7989 18.3953
19.7430 19.4082
20.0123 19.4804
14.4763 13.4002
18.9982 18.4504
14.1987 12.9400
18.3416 17.5587
16.2206 15.2815
19.1987 18.7222
17.9082 17.3556
17.8220 16.9920
16.3577 15.5484
17.0922 16.2563
17.5143 16.8109
17.8068 17.0419
16.2433 16.5461
17.9724 17.2954
18.8817 18.2935
16.1179 15.2913
16.6472 15.8041
15.7854 14.8119
15.8886 16.1030
15.8655 14.9020
20.0331 19.5048
18.3551 17.5860
19.7943 19.3065
17.2966 16.4747
15.5922 14.6019
15.8456 15.0288
14.4886 13.3863
16.4111 16.8113
18.8924 18.4092
18.9750 18.2360
15.5230 15.1576
13.2553 11.4095
15.0157 13.9543
14.0056 12.8577
18.5125 17.8391
19.1496 18.4755
19.4278 19.0730
16.5033 16.7097
19.4429 18.8861
16.3890 15.5878
15.8428 15.1228
14.7158 14.9045
17.6550 16.8678
18.6645 17.9730
17.3463 16.6130
17.1887 16.4465
14.3231 13.1566
16.1685 15.2496
17.6399 16.8406
16.4596 15.5963
19.0231 18.5438
16.8526 16.0365
17.7124 16.8130
17.6677 16.8539
17.0937 16.3730
17.3966 16.7084
19.2413 18.7559
18.3942 17.9093
18.4253 17.6832
13.5123 12.1947
19.2581 18.7351
15.6598 15.2245
15.3810 14.5032
19.1577 18.6195
17.6448 17.0532
18.6266 17.9799
17.4321 16.6752
19.4199 18.8682
13.5711 12.0748
19.2432 18.7987
17.4071 16.6740
15.9164 16.2273
15.6797 14.7788
14.8308 14.1383
17.3219 16.5795
17.8276 17.0358
15.3435 14.3521
18.5438 18.0581
17.5957 16.9251
17.2015 16.6239
19.8032 19.2235
17.8363 17.0539
19.4411 19.0048
19.2419 18.9146
15.1426 14.3901
16.7965 15.8709
18.9158 18.4399
16.5561 16.0574
15.8959 16.2710
17.0919 16.3231
18.2672 17.5743
16.5493 15.6760
15.4814 14.5359
16.6248 15.7747
17.7746 17.0074
18.2764 17.6030
17.9947 17.1903
16.8503 16.1447
19.6662 19.1501
15.6619 15.8848
19.2303 18.7494
14.8864 13.8847
16.2288 15.3366
17.8126 17.0358
19.0561 18.5782
17.7057 16.9326
19.4580 18.9619
13.8888 12.5192
18.8543 18.3950
17.0099 16.3279
18.9756 18.5280
19.1713 18.7468
17.2919 16.5471
16.4271 15.5497
16.1013 15.1473
16.5805 15.7738
19.8275 19.2784
15.0845 14.0194
16.9844 16.3189
19.2330 18.8012
16.7424 16.0593
15.6254 14.6822
18.0047 17.2096
19.2656 18.9283
17.9431 17.1357
18.5993 17.9615
18.5406 18.0471
15.8449 16.2353
19.8914 19.4648
18.8583 18.1971
16.1106 16.1533
16.7912 16.1519
19.3092 18.8446
17.7928 18.3489
15.2588 14.2344
19.7168 19.1379
18.6905 18.2050
17.6759 16.9764
19.2255 18.6348
19.3994 18.8488
18.2052 17.4368
16.3221 15.5114
18.6917 18.0114
16.0179 16.3197
17.8877 17.0969
16.8119 16.1333
18.3336 17.9424
16.9820 16.1568
17.5107 16.7097
16.9106 16.4757
14.3616 13.4170
17.1929 16.4122
19.4187 18.9656
18.2927 17.5850
18.7532 18.0944
16.5408 16.8880
16.3159 15.4001
19.4276 18.8998
18.4835 18.0384
19.0717 18.7298
15.7201 14.8413
13.7469 12.3746
13.5352 12.8762
16.6779 15.8707
18.3421 17.8916
16.8339 16.0160
18.2633 17.6627
15.8947 16.1675
15.7186 14.7942
18.4755 17.9136
19.1249 18.6526
16.8237 16.3470
19.0654 18.6956
19.1950 18.7398
15.4650 14.5682
15.7404 14.7859
18.5974 18.1292
18.9168 18.4136
20.1074 19.6445
15.9552 15.1413
17.0433 16.1649
19.0464 18.5172
18.0824 17.3635
16.0595 16.2609
15.4864 14.6281
14.7583 13.6754
17.1489 16.3310
19.1107 18.7493
19.2488 18.7089
19.3348 18.7771
15.1732 14.6666
19.1799 18.7598
19.8919 19.3767
17.9197 17.1894
16.3446 15.5070
15.8380 16.1260
17.5827 16.8362
18.5956 18.1170
18.5786 17.7182
14.2994 13.0566
16.9365 16.1307
19.3326 18.7522
19.1865 18.6538
16.3896 15.6687
14.8315 13.8300
18.7192 18.1055
18.3506 17.5506
17.3984 16.6764
18.6217 17.7779
14.9983 14.0558
15.9628 15.1641
17.9480 17.3705
20.2432 19.6598
16.3373 15.4770
17.0090 16.3594
14.9556 14.9148
19.1412 18.5825
13.4489 11.5056
16.3637 15.9371
19.8152 19.1447
19.4199 18.8478
19.5751 19.1117
17.8790 17.2714
14.5973 14.5447
15.0192 14.3119
18.9440 18.2849
16.9342 16.3258
18.4948 17.9895
17.7688 16.9700
18.7898 18.2290
16.1684 16.1546
16.9606 16.1195
17.2494 17.7331
18.6838 17.7853
18.8681 18.1503
18.7394 18.2524
18.0025 17.2208
15.7116 14.8103
19.8108 19.1354
17.9011 17.2422
18.4590 17.8496
21.1332 18.8252
18.3339 17.6873
19.9372 19.3980
15.8280 16.0469
15.0008 14.1952
20.3138 19.2468
19.3434 18.8733
19.6883 19.1167
17.9581 17.1354
19.8257 19.2083
15.8025 14.8678
14.8506 13.7818
18.6099 18.0828
14.2245 12.9647
14.7073 13.7815
15.3004 14.3343
14.5249 13.3599
17.2360 16.4329
19.7771 19.2005
17.7570 17.0516
19.3929 18.9034
14.8420 13.9742
19.4531 19.1693
19.1702 18.6665
14.2727 13.0425
14.4127 13.4515
17.0868 16.3325
16.4990 15.6541
19.1433 18.7074
14.6743 13.8039
16.0536 15.2197
15.9565 15.1659
17.6190 16.8583
17.1809 16.4069
18.2257 17.6279
17.3287 16.7062
14.4937 13.5247
18.7733 18.1940
17.7527 17.0541
15.8890 15.0663
15.0770 14.0383
19.2985 18.8329
18.3138 17.5027
16.5697 15.7286
16.9440 16.1323
17.6193 18.2033
19.2110 18.6934
19.9169 19.2730
19.5291 19.1096
17.1769 16.3740
16.4858 15.6263
15.9431 16.2210
17.7007 16.9685
19.8550 19.3840
19.8854 19.3286
17.8520 16.9835
18.6421 17.9177
18.1818 17.6752
19.1895 18.7340
19.1922 18.7659
18.3354 17.6359
16.0914 15.2085
13.8799 12.4933
15.7445 15.9704
19.4131 18.9794
19.3308 18.7643
14.0755 14.1184
18.9429 18.9595
19.1284 18.5991
15.9944 16.2909
14.0709 12.8728
15.6995 14.8151
17.9268 17.1457
18.5109 17.9405
19.2689 18.6935
19.3704 18.8000
18.7413 18.1928
18.5971 17.8769
14.0311 12.7530
18.1614 17.4753
19.7395 19.0571
19.5540 19.0133
16.0436 15.6449
19.6027 19.0632
18.5832 18.0585
18.1217 17.4295
17.3390 16.5585
17.3600 16.5925
18.0993 17.4757
16.0584 15.1367
14.8105 13.8086
14.9982 14.0276
15.2465 14.4453
17.3478 16.7104
20.4465 18.0006
19.6191 19.2305
19.0134 18.6641
17.3390 16.6199
19.6066 19.1359
15.6356 15.1981
14.9611 13.9642
18.0493 17.2829
18.0531 17.2655
18.0034 17.2343
15.4468 14.4242
15.7260 15.9002
19.6644 19.2141
19.4718 19.0676
15.5177 14.8067
14.7301 13.6861
18.5391 17.9523
18.0625 17.4150
18.4697 17.6885
18.3331 17.8792
19.7185 19.4023
19.0428 18.6357
14.7566 13.6714
15.1411 14.1538
15.9253 15.0149
15.0977 14.2115
18.2927 17.5833
20.0284 19.5829
16.2487 16.4230
14.6539 13.9122
14.9478 13.8585
18.7994 18.3080
18.5214 18.0223
17.1816 16.3857
19.3515 18.8800
18.8276 18.2972
18.8591 18.3153
19.3919 18.9802
14.5053 13.5690
15.0992 14.1690
19.1481 18.5490
19.6538 18.9259
19.3366 18.8629
17.4438 16.7274
19.5519 19.2516
18.9218 18.2268
19.2165 18.8498
14.7848 13.6981
15.8123 14.8795
15.0969 14.0622
17.1704 17.7563
15.8617 15.8377
18.1830 17.7332
19.5765 19.1374
17.3755 16.6891
18.7094 17.9628
18.3804 17.7966
15.1063 14.2522
15.6481 14.6881
16.1891 16.3244
18.2658 17.5604
18.4867 17.7639
14.0407 12.7345
15.0312 14.1363
18.2769 17.6601
16.5866 15.9746
18.5515 17.9910
16.6837 15.8642
18.2615 17.5616
18.7447 17.9694
15.9330 16.2635
15.0155 13.9772
18.3592 17.6694
18.6780 17.8453
13.5545 11.9674
18.0861 17.5339
19.6163 19.0883
19.4351 19.0508
16.3112 15.4505
18.1754 17.5901
17.2481 16.3159
18.5430 17.7710
17.5383 16.7743
19.4269 19.1238
19.3573 18.9324
14.2135 13.0521
14.7505 13.9001
15.8675 14.9174
18.8125 18.3501
18.8441 18.2732
18.7238 18.2662
14.8850 13.9025
20.0258 19.3316
19.6466 19.3863
13.9235 12.5699
17.0553 16.1434
15.6367 14.7506
19.8618 19.3112
15.8386 14.8535
14.9458 14.2350
19.3184 18.8447
18.4064 17.8863
18.5295 17.8046
17.1573 16.3642
18.9465 18.5455
17.5870 16.9814
19.4113 18.7097
15.0854 14.1476
16.9987 16.2088
13.8181 12.5077
18.5863 18.1289
14.0482 12.8435
14.1842 13.0887
18.9913 18.5085
17.9564 17.1703
19.1657 18.6530
19.1928 18.6302
19.3001 18.7692
17.9086 17.1674
17.0464 16.1344
19.6610 19.2646
15.5305 14.7016
15.7516 14.8293
18.5812 17.8777
17.8511 17.2018
15.8357 14.8912
19.4266 18.9791
13.8049 12.5684
18.4998 17.9385
16.7301 15.8985
15.7190 14.7421
15.2271 14.1924
19.2157 18.6204
17.2566 16.3764
17.9105 17.2423
16.5393 15.6654
16.9677 16.1239
14.5437 14.3857
18.4326 17.7055
13.3006 11.4896
15.6117 15.8363
16.3909 15.6541
14.7967 13.7899
18.3219 17.9077
19.4440 18.9217
15.0540 14.3092
14.3106 13.2450
19.4672 18.9788
17.5986 16.8461
13.4598 12.0170
14.1334 12.8558
17.1154 16.3268
18.7665 18.2419
16.2809 15.4049
18.2591 17.7314
18.0713 18.6973
16.0882 15.1232
14.4719 13.3017
14.5191 13.4890
18.3693 17.9241
19.2100 18.6266
15.7924 16.0434
18.9228 18.4175
15.8128 14.8849
18.8672 18.3540
15.9076 15.0763
18.9562 18.4555
16.7231 15.8941
18.6295 18.0209
15.9177 14.9573
19.0655 18.6006
18.7585 18.2252
19.0000 18.4775
14.4399 13.5007
15.3203 14.3080
17.1597 17.7328
19.0919 18.7199
18.3073 17.8054
19.2041 18.6274
16.0813 15.3331
17.3739 16.6353
18.5358 17.9368
17.6900 16.9367
18.7204 18.0423
15.1181 14.3162
17.9393 17.1218
14.3399 13.3400
16.7756 16.0106
19.2121 18.6737
16.2998 15.3696
19.0309 18.5221
15.7716 14.8305
18.7330 18.0383
13.8547 12.6107
16.0647 15.1694
19.7189 18.6759
16.7982 17.3631
15.5923 14.6039
19.3991 18.7877
19.3906 18.7602
16.7008 15.9418
17.5372 16.7872
16.4336 15.5552
16.0377 15.7718
16.9983 16.1185
18.2474 17.4511
19.4871 19.0051
19.6478 19.0489
19.9928 19.2900
15.4483 14.5389
16.3089 15.4409
17.1514 16.3364
19.0849 18.5769
19.6903 19.2676
14.3719 13.1727
19.2245 18.7275
16.7045 17.1778
19.4798 19.1159
18.0575 17.3576
14.0865 12.8184
16.3941 15.6645
18.8889 18.3101
15.1992 14.2442
13.2584 11.5756
15.6965 15.8443
17.2582 16.3922
20.3040 19.7221
18.5389 17.8725
15.2715 14.2746
16.1205 15.2384
15.4224 15.2587
19.4591 18.9813
18.3241 17.9738
15.7257 14.9033
18.2637 17.5589
15.1732 15.1036
18.1213 17.4105
13.7656 12.3212
16.1817 15.2800
16.2010 15.3060
13.3451 11.8172
16.0985 15.3882
18.7792 18.3000
17.3038 16.6253
19.6917 19.3141
17.3819 16.4997
19.1072 18.7072
15.2669 14.5185
15.9373 15.6383
13.9905 12.9322
17.6498 17.0187
18.4589 17.8441
17.5979 16.8040
16.6151 15.7366
17.8210 17.0203
19.6889 19.1713
19.1710 18.6263
20.6939 19.7931
19.0317 19.6180
19.1092 18.5382
19.3467 18.9034
19.4719 18.9342
19.0518 18.6264
19.0235 18.4558
19.7786 19.4631
18.7255 18.0787
20.1088 19.4302
19.7114 19.1948
19.2645 18.8727
18.5780 18.1379
19.2630 18.7378
19.0089 18.4295
20.2252 19.7564
19.8200 19.4164
20.3651 19.7713
18.7087 17.9798
19.1938 18.7015
19.7483 19.4038
19.6606 19.0984
19.2605 18.9199
20.6652 19.8611
19.9534 19.3234
20.5871 19.7600
20.8947 19.6132
20.8643 20.0138
19.7264 19.1595
19.9869 19.4800
19.7845 19.2367
19.4680 19.0169
19.9727 19.3457
19.9227 19.6326
18.2548 17.4523
19.6631 19.1657
19.8132 19.2631
19.7077 19.4762
16.5811 15.7158
19.9846 19.7364
20.3786 19.6043
18.6351 18.0041
18.7701 18.1084
19.1028 18.4649
19.1616 18.7209
16.0117 16.3575
15.6332 14.6748
16.2122 16.7392
16.4785 15.6124
19.5593 19.0108
18.8542 18.2824
17.9054 17.0845
18.0192 17.3177
20.4343 20.0515
19.7406 19.3365
20.4732 19.6198
18.0401 17.2519
20.3181 20.0003
19.4418 19.0022
19.6168 19.2097
20.4427 19.6448
16.4852 15.6026
19.3981 18.8936
19.6119 19.1150
18.8301 18.3543
20.2452 19.6979
19.7703 19.2774
19.9445 19.5551
19.6472 19.3267
19.7490 19.3134
19.8170 19.4043
20.5729 19.7220
18.8554 18.5125
20.2089 19.3560
18.2264 17.4672
13.7939 12.5348
19.3977 18.8716
19.6692 19.1220
20.3017 19.7616
16.6478 15.7736
19.5696 18.9776
19.4245 18.9834
20.0298 19.3217
19.5918 19.1655
20.4212 19.7856
19.2821 18.7080
19.9962 19.5839
20.2962 19.6400
19.2442 18.7558
19.5312 18.9555
20.2305 19.4650
19.5995 19.1828
14.0378 12.6718
19.7993 19.3155
19.6291 18.9267
18.9630 18.4198
18.1556 17.3419
19.6474 19.2898
19.4993 19.1141
15.3185 14.3010
19.1641 18.7195
19.1046 18.5865
19.2367 18.6641
18.1920 18.8214
20.6873 19.8660
20.0808 19.5641
19.5382 18.9352
18.4129 17.6402
18.7816 18.1080
19.7158 19.2819
19.3658 18.8867
19.7973 19.3312
19.1781 18.5323
19.2341 18.7594
19.1444 18.8273
19.4306 19.0627
18.1703 17.4105
18.9071 18.3631
19.7867 19.2426
19.5814 19.1428
19.2327 18.8858
18.9726 18.4224
16.2451 16.5524
20.1942 19.7016
19.9504 19.3852
19.2163 18.6894
17.6260 18.0861
18.6058 18.1053
19.6169 19.0837
19.7226 19.2002
19.3181 18.9527
20.4595 19.5089
19.5643 19.1677
14.6262 13.4664
15.9606 16.3291
18.7620 18.2735
19.3931 18.8662
17.7273 16.9544
20.5361 19.7894
18.9874 18.3755
19.0576 18.4401
13.6971 12.1891
20.0948 19.4751
18.7857 18.3478
20.2005 19.5950
19.2977 18.7686
19.3585 19.0592
19.1515 18.5626
20.0503 19.3932
16.7755 15.9375
17.1245 17.5437
18.8038 18.3220
18.8150 18.1145
18.4442 18.0778
19.5368 19.0901
20.2276 19.5480
15.2764 14.4913
20.2995 19.6560
19.2245 18.7778
19.7407 19.2448
19.2716 18.7439
19.5752 19.1544
20.1085 19.4326
18.9322 18.4775
19.4611 19.0590
19.5836 19.1462
18.1204 17.2746
19.9317 19.4054
16.7777 15.9230
20.4825 19.8054
20.8904 19.8630
19.3256 18.7184
20.9997 18.7323
17.3855 16.5873
19.2740 18.8798
19.6830 19.0356
19.0504 18.6505
19.9660 19.2996
19.8239 19.4720
20.1782 19.8816
15.4245 14.4464
20.1005 19.6779
18.8067 18.0677
16.9476 16.1132
18.5986 17.9166
20.1788 19.8612
18.7071 18.2818
19.4304 18.9569
19.1713 18.5034
19.5438 18.9906
19.8492 19.1524
20.0435 19.5340
19.6826 19.1061
16.8296 15.9918
19.0127 18.4727
18.0798 17.3615
20.0300 19.3739
16.1001 15.1856
19.3115 18.9465
19.9266 19.2342
19.7211 19.1989
19.6539 19.2300
16.0380 16.2133
15.6295 14.9565
19.6877 19.3450
19.4313 18.9760
17.4746 16.6602
20.2880 19.6486
19.9934 19.4876
19.0563 18.4773
18.7966 18.1162
18.4587 17.7606
18.9597 18.5145
19.6211 19.0880
19.6800 19.2282
19.0338 18.4924
18.9330 18.4048
19.4585 18.9533
18.4530 17.6928
19.2331 18.7051
20.1664 19.5768
19.3874 18.7873
19.1290 18.6399
19.8313 19.4944
18.2932 17.5322
19.4546 18.9017
19.9253 19.5334
19.8520 19.3911
19.7870 19.2408
20.2114 19.8392
21.4329 18.8606
20.0247 19.4690
18.7595 18.5999
19.5882 19.0544
17.7540 17.0331
18.7942 18.0845
16.9077 16.0530
17.4549 16.7281
19.2482 18.8332
18.6480 17.9535
19.3565 18.7924
19.2102 18.7671
17.9980 17.2513
18.3653 17.6804
19.8748 19.2521
19.9944 19.5803
19.4292 18.8467
19.5744 19.0211
19.1850 18.5993
19.2119 18.7639
20.4545 20.0265
19.9094 19.6373
18.7588 18.0730
18.8477 18.2361
19.8286 19.3501
19.1482 18.5483
14.6413 14.7941
19.3786 18.9277
15.4393 14.4367
19.1481 18.6484
19.3963 18.9276
17.7600 16.9460
20.4435 19.7031
19.1793 18.5767
19.0996 18.6481
19.9807 19.5245
15.9253 16.2238
19.0267 18.5921
18.9087 18.3264
19.4550 18.7794
20.0003 19.4889
20.2039 19.4610
18.8908 18.2518
20.0390 19.3593
18.9130 18.3090
16.0717 16.3943
19.2557 18.6075
19.6537 19.1456
19.8213 19.2902
13.7957 12.5628
19.6120 19.0684
19.9319 19.5319
19.2238 18.7863
20.0932 19.6908
20.1058 19.4866
20.1990 19.6390
19.6392 19.1692
19.2971 18.6737
18.3813 17.7028
19.9044 19.2073
19.5042 18.9746
19.2281 18.4821
20.3405 19.5736
19.7474 19.0501
20.3274 19.7454
19.7316 19.1141
19.1507 18.4848
19.5642 18.9985
20.3506 19.7540
19.1072 18.6281
20.0435 19.5731
19.2855 18.7934
18.5258 17.9560
18.6685 18.0820
19.7325 19.1952
19.0654 18.5255
19.1105 18.4151
19.0908 18.6203
19.3368 18.9093
19.8680 19.3374
19.0264 18.4426
18.8266 18.2258
20.5096 19.7425
20.0646 19.4364
19.1787 18.7230
19.4539 19.0365
20.1585 19.7505
19.5973 18.9975
19.5068 19.1321
19.1148 18.6043
18.3463 17.5420
17.5371 16.7685
19.7324 19.2760
19.0642 18.5031
19.0221 18.4733
19.2210 18.6925
19.3003 18.9431
14.9328 13.8434
19.0049 18.3983
17.1109 16.3089
18.8399 18.4139
18.6304 17.9236
18.9312 18.4178
18.4169 17.6340
18.5257 17.9235
17.4654 16.6985
19.1648 18.5165
17.0104 17.4854
20.3479 19.4946
19.0026 18.5020
19.5712 19.0336
19.6261 19.2111
19.1783 18.7200
19.6504 19.1336
19.0699 18.4764
19.7115 19.3430
16.6509 15.7867
18.2403 17.5848
19.0800 18.5697
18.9472 18.5218
20.2113 19.6228
19.2033 18.6744
19.7727 19.2495
20.2228 19.6471
18.9691 18.4547
19.7983 19.2656
20.2155 19.5076
19.4658 19.0134
17.3171 16.4795
19.8135 19.2909
19.1964 18.7160
18.5974 17.8753
19.1841 18.6755
18.8854 18.2132
19.3383 18.7694
19.0586 18.5190
20.2126 19.5607
19.4864 18.5280
19.6308 18.8860
19.4929 19.1425
19.4821 19.0322
18.9013 18.2702
18.9117 18.3691
20.1261 19.5730
20.3591 19.3976
18.2163 17.5583
19.6940 19.2354
18.9706 18.3755
15.2017 14.1357
15.7039 15.9998
18.4791 17.6809
19.0526 18.3540
19.3105 18.8239
18.6412 18.2082
18.8787 18.4948
19.3885 18.9366
19.2036 18.6622
18.7478 17.9950
18.4974 18.0888
19.3073 18.7418
18.5312 17.8812
19.5053 18.8677
15.7380 15.7835
16.6506 17.0399
16.1002 16.4488
17.7319 17.0025
19.3418 18.7677
19.0937 18.5795
19.4844 19.0511
19.1881 18.7472
19.2320 18.7712
17.1811 16.3894
19.6716 19.2509
18.2680 17.5364
19.1149 18.4638
19.8647 19.3215
18.2799 17.4906
18.6955 17.9072
19.2978 18.9565
15.3446 14.3235
19.8043 19.3726
20.5551 19.7314
19.3442 18.7729
19.7636 19.1005
19.0870 18.7129
18.8965 18.3071
14.9537 13.8740
19.8257 19.4222
19.4266 18.8080
18.3796 17.6125
18.7124 17.9883
16.2825 15.3885
18.4199 17.7896
17.0900 16.2832
19.9984 19.3327
16.0316 15.1093
18.8245 18.3669
19.3935 18.9059
19.1905 18.7568
15.9066 16.0590
20.2695 19.4975
18.1721 17.9840
20.2626 19.5328
18.5966 17.9894
19.7818 19.2526
18.1446 17.3890
16.4153 16.8083
19.3088 18.8484
15.9484 16.2712
19.3681 18.9517
18.9941 18.4011
18.5089 17.9605
20.0470 19.5564
17.0238 16.2147
18.8576 18.1904
18.7362 18.0352
19.4521 19.0278
18.8789 18.3528
19.7101 19.2545
18.8617 18.3738
19.6527 19.3973
19.0758 18.5177
17.5866 16.8921
18.7232 17.9665
17.1564 16.3126
19.1052 18.6810
15.9291 14.9961
19.4827 18.9266
16.9095 16.0681
18.9581 18.4024
18.1574 17.4746
19.7966 19.2495
19.6675 19.1997
19.4181 18.9258
18.3410 17.5777
19.6059 19.2134
17.5273 16.7393
20.1536 19.4858
19.1064 18.6837
19.5553 19.1108
18.9133 18.3555
18.7875 17.9999
19.3626 18.9351
20.0492 19.4068
18.9345 18.5497
13.6288 12.1389
19.1229 18.6630
19.1677 18.6520
19.2874 18.8311
16.7698 15.9039
19.2181 18.7065
19.0915 18.6401
19.6273 18.8559
16.0216 15.0999
19.3132 18.8309
19.2208 18.7095
19.3245 18.6773
19.2570 18.9000
18.6885 18.0182
17.5153 16.7030
18.7975 18.3524
19.0800 18.4820
19.0692 18.6014
18.8712 18.1691
18.7555 18.1152
19.7471 19.1902
17.5044 17.9682
18.9080 18.3403
19.8693 19.4839
19.0690 18.5538
19.2579 18.7147
18.8393 18.2057
18.4935 17.8304
18.9208 18.2256
19.7790 19.4028
19.3160 18.7751
17.1605 16.3592
19.5484 19.1659
19.1400 18.5868
19.3025 18.9079
19.2130 18.7430
15.8040 14.8565
19.0614 18.6231
19.6922 19.1050
19.4770 18.9510
19.9281 19.5858
19.2969 18.7890
13.8222 12.3944
19.4680 18.9791
15.2800 14.2698
18.4502 17.7758
19.1572 18.6809
19.2215 18.6438
18.9150 18.2436
19.1932 18.6565
18.8915 18.4808
19.5668 19.0644
18.9298 18.5236
19.4896 18.9790
19.5297 18.9917
18.4662 17.7667
16.2647 15.3786
19.2641 18.7235
18.0144 17.4441
14.2188 13.0454
17.6249 16.8388
20.1561 19.5482
19.7434 19.1256
20.0989 19.5400
19.2210 18.7253
19.5381 19.1457
17.9910 17.1964
19.8877 19.3306
17.9965 17.2036
19.9332 19.3717
19.7121 19.2428
19.3779 18.8242
18.9238 18.3951
18.8642 18.3855
18.4589 17.9866
19.9987 19.4693
19.0246 18.6250
18.5628 18.0800
19.9744 19.6433
16.1972 16.5944
19.5914 19.1335
19.5359 19.2179
19.8325 19.3245
19.1382 18.6259
18.7409 18.1963
18.5180 17.9108
19.4984 18.9698
19.4725 19.0559
17.0373 16.2661
18.9409 18.5542
18.8773 18.3665
19.5750 19.1838
20.1354 19.4776
19.4037 18.9316
19.1395 18.5950
13.4576 11.6208
19.5922 19.1593
13.5649 11.9839
18.5930 18.0238
16.1793 15.2834
17.1739 16.4017
18.2594 17.6838
15.0508 13.9820
19.7058 19.1927
16.5115 16.9195
19.8082 19.2224
18.9240 18.5385
16.7503 17.2651
16.7920 15.9767
19.0667 18.4632
18.1044 17.3591
17.7520 17.0575
18.6895 18.0372
18.9082 18.5412
20.0312 19.5220
19.5314 19.2650
14.1935 12.9388
20.0208 19.3441
19.6171 19.0861
14.6762 13.6311
19.9914 19.4812
19.7790 19.1706
17.9402 17.1553
18.5104 17.7529
16.0129 16.3137
19.0428 18.5901
20.5492 19.6753
17.8888 17.1078
18.7824 18.1323
17.8098 17.0250
14.6246 13.4588
18.3711 18.2153
15.8811 15.8098
17.3491 16.5978
18.6368 18.1616
18.3578 17.5668
18.8014 18.1672
19.7267 19.0980
16.0627 15.1405
17.6689 16.9306
15.8756 16.1250
18.7306 18.1559
17.2352 17.7325
17.8319 17.0996
19.6736 19.1309
16.5392 15.6582
16.9190 15.1204
18.6947 17.9159
19.5009 18.9569
17.6990 17.0594
20.0792 19.5293
18.7664 18.2091
14.0354 12.7159
18.7307 17.9680
18.1298 17.3645
18.5925 17.9443
18.5711 17.8516
17.5682 16.7214
19.6244 19.1853
18.9042 18.4567
18.6733 18.2505
19.0333 18.3859
17.3068 16.4886
15.7589 15.6784
18.2434 17.8556
16.8866 16.0255
18.0254 18.3345
19.7058 19.2985
18.3235 17.5727
19.5845 19.1742
16.9347 16.1686
19.6054 19.1856
17.2123 16.4783
18.1516 17.5064
16.2185 15.8749
18.9676 18.5968
16.9360 16.1576
14.9973 13.9199
18.9056 18.4155
20.5340 19.5065
18.8246 18.2861
17.2094 16.4396
14.4690 13.3919
19.2661 18.7094
18.9699 18.5258
19.5696 19.0408
19.3975 19.2239
19.7768 19.4540
19.3998 18.7828
16.2867 16.7062
18.8354 18.2390
17.8231 17.1710
19.3875 18.8923
19.0669 18.4995
18.3164 17.5125
19.3203 18.8342
18.9997 18.4565
19.4226 18.9342
19.7746 19.3226
18.9615 18.4529
18.8700 18.1896
19.4486 18.8829
18.8071 18.3149
17.1616 17.6665
17.9081 17.1199
18.9863 18.4110
18.1074 17.3475
19.6382 19.3238
19.9343 19.5105
19.4261 18.9163
18.8350 18.1436
18.6358 18.2486
17.1545 16.3559
17.9735 17.2166
19.7829 19.2968
19.8733 19.2911
18.4384 17.7321
16.8833 17.3093
17.5509 16.7985
18.3938 17.7412
18.3808 17.8457
18.6645 18.0235
18.6867 17.9572
19.3266 18.7990
18.8364 18.2499
19.7750 19.0976
20.0641 19.4957
18.4413 17.9032
19.3944 18.9211
15.4175 15.2520
15.7880 14.8295
19.6047 19.0233
19.6639 19.1968
14.8520 13.9122
18.7078 18.1702
17.5471 16.7593
19.1405 18.6825
19.5589 19.0631
19.1388 18.7181
18.7984 18.2612
18.5117 17.9200
17.4106 16.6247
15.8725 16.1377
17.5268 16.7535
18.1630 17.3446
16.1890 16.6214
18.9235 18.7041
15.1883 14.1540
20.0673 19.3209
18.2232 17.4493
17.2800 17.6719
18.4287 17.7190
19.4155 18.8963
19.3803 18.7932
18.9160 18.4021
16.8386 16.0800
16.1362 15.2429
15.8515 14.9321
19.5085 19.0474
18.7828 18.4581
18.3858 17.6621
18.3464 18.0050
19.5001 19.0555
15.9114 16.1756
17.0914 16.3110
18.4273 17.7336
18.8833 18.2687
17.6893 17.0498
15.8585 14.9064
17.7821 17.0598
18.9197 18.4244
19.2635 18.8216
17.2820 16.4903
16.1787 15.9655
19.4452 18.9112
18.3866 17.6551
19.2116 18.7731
19.2328 18.7934
17.5508 16.7352
18.9855 18.3739
13.8540 12.4619
19.2781 18.7630
19.4763 19.1263
16.5728 15.6894
18.8446 18.4427
17.9748 18.1384
16.3776 16.7766
20.1274 19.7820
18.4767 17.7129
18.8931 18.2132
18.5124 18.3331
15.8088 14.8773
18.4256 18.0203
18.8688 18.2209
15.8591 14.9684
17.3239 16.5360
19.2780 18.8581
17.3588 16.5352
19.1295 18.7270
19.9633 19.2183
17.0494 16.2047
18.7542 18.2662
19.2611 18.7223
17.8432 17.0872
18.7213 17.8804
16.2420 15.3339
19.6427 19.1687
18.6524 17.9415
17.6134 16.9161
19.8573 19.3285
20.3543 19.7930
18.0006 17.1925
15.9221 16.2538
14.1990 12.9341
20.3742 19.7154
19.9328 19.4061
18.6383 18.1769
19.4407 18.8830
16.7293 17.2672
16.1862 15.2892
19.3453 18.8177
19.0669 18.7202
18.0110 17.2260
19.7733 19.1626
18.4507 17.6540
17.0710 16.2623
18.2045 17.5334
15.4191 14.4210
18.2870 17.6176
15.0613 14.4835
18.3392 17.8216
19.6239 19.0308
18.5303 17.8401
18.6432 17.8134
15.8851 16.1839
19.3699 18.7982
17.7285 17.0496
19.3420 18.7738
15.7056 16.0469
17.2248 16.5147
18.7186 18.2318
19.4087 19.0104
20.0446 19.4646
17.8627 17.2333
19.9368 19.2608
17.7526 17.0211
18.1621 17.5499
17.8999 17.2094
19.1850 18.6089
15.4384 14.4778
19.0620 18.6559
17.7811 17.0025
17.4707 16.7684
18.6654 18.2303
17.2793 16.4926
18.9949 18.4162
18.8243 18.2707
15.6014 14.8444
18.8940 18.1845
17.7518 17.0670
18.7385 18.0541
17.9331 17.1601
18.4270 17.8537
19.6832 19.0949
17.8995 17.1653
18.0497 17.2731
18.2644 17.5557
17.4084 16.5905
16.4883 15.6248
17.0952 16.2340
16.6555 15.8336
18.2610 17.5688
18.6941 18.0261
15.6426 14.6762
19.3565 18.9334
18.0418 17.3523
19.0229 18.5308
18.5810 18.2019
16.5005 15.6183
19.0891 18.5175
16.8683 15.9956
20.3752 19.3600
18.3557 17.5311
18.4669 18.0249
17.9393 17.1370
17.1374 16.3726
17.3604 16.6547
16.3814 15.5149
19.9008 18.2053
19.1578 18.8391
19.0404 18.6510
17.1415 16.3308
15.5322 14.5850
19.2375 18.7262
19.3466 18.8897
18.6927 18.0462
18.0446 17.3735
15.0539 13.9725
19.1839 18.7949
19.9372 19.2541
18.6889 18.0580
17.1931 16.4829
18.1431 17.4509
19.3728 18.9910
16.5880 15.7915
16.6287 15.7658
18.5390 18.2500
17.9691 17.1893
19.4109 18.9409
17.7000 16.6947
17.4455 16.6678
19.1208 18.5625
18.9899 18.4695
18.7191 18.1225
17.0648 16.2332
16.4183 16.8170
16.2775 15.4009
18.4609 17.9605
19.1239 18.6249
19.3650 18.8329
19.8523 19.4992
19.2320 18.8252
19.4588 18.9768
18.6934 18.2865
19.4049 18.9347
16.3399 16.7903
17.3947 16.6025
18.7151 18.1510
17.9161 17.3608
18.6015 18.1609
15.2306 14.2000
19.6330 19.1564
17.0796 16.3197
17.7644 17.0418
15.7295 14.8159
15.2552 14.4063
20.1589 19.5653
18.1364 17.4289
19.5144 19.1343
18.9984 18.2337
19.1136 18.6492
17.9479 17.0978
19.4400 18.9257
18.7895 18.2768
17.8500 17.1375
17.9029 17.1141
15.5494 15.2759
19.7096 19.3072
19.6436 19.2450
16.0770 16.4790
19.5721 19.1015
18.9684 18.3222
17.5105 17.8878
19.2832 18.8303
18.6340 18.2242
16.0814 16.4566
16.8305 15.9973
18.7345 18.2713
17.3175 16.5537
17.1738 16.3579
16.5315 17.1224
19.2232 18.7564
19.8365 19.3527
19.6263 19.2662
15.7901 14.9694
20.3731 19.6282
18.3612 17.9606
17.3696 16.5980
15.9894 16.3852
18.1206 17.4194
19.2170 18.7082
18.5413 17.8157
19.7987 19.2729
18.9034 18.2525
19.5611 18.8653
15.5976 15.8219
18.9276 18.4365
18.8292 18.2841
17.0844 16.3155
18.5130 17.8273
18.0223 17.3709
18.8353 19.5702
19.7172 19.2015
18.8704 18.5847
19.9270 19.2778
17.8435 17.1443
17.8527 17.0919
18.3652 17.8901
17.3086 16.6060
15.7553 14.8308
15.1182 14.0749
16.3111 16.7388
16.5043 16.9328
15.7804 14.8616
19.0338 18.5199
19.5677 19.0015
17.7324 17.0348
17.1262 16.3424
18.8106 18.3245
16.0289 15.1490
18.7656 18.1431
18.6139 17.9204
18.6131 18.0863
18.7127 18.3053
16.7035 15.8550
18.6846 18.2272
20.1572 19.4296
20.2143 19.6852
19.1049 18.5627
17.7261 16.9262
13.9745 12.6243
19.6029 19.0636
18.7206 18.0190
19.2100 18.6294
15.6695 14.8912
17.0027 16.2716
18.7455 18.1858
16.7751 16.6460
18.9328 18.4194
17.9429 17.3044
17.8076 17.0920
18.4982 17.8748
18.5349 18.0459
15.1479 14.1303
16.6610 16.1224
15.8640 14.9298
16.1625 15.2702
16.7339 15.9583
19.2411 18.6137
18.0512 17.3601
18.7797 18.4487
19.9085 19.3433
16.3754 15.5709
19.9650 18.3708
19.4937 19.0515
18.0636 17.5813
19.3687 18.8535
18.6028 17.7944
17.2270 16.4089
19.3113 19.0266
16.9886 16.1637
15.1630 14.1141
17.9941 17.3674
17.4525 17.8769
16.2805 15.4302
19.5541 19.1558
20.8444 18.7822
19.8184 19.2009
13.4642 11.6230
19.7538 19.4026
16.1594 15.5138
18.7744 18.3078
18.9019 18.2211
15.1546 14.2078
19.0358 18.5962
19.0497 18.6718
17.5730 16.8327
16.1350 16.5118
18.8291 18.5159
16.1887 15.3060
18.2788 17.5455
18.7960 18.3192
16.7747 15.8959
16.1428 16.5079
18.7561 17.9797
19.0683 18.6396
17.3655 17.1361
19.0897 18.6943
18.2324 17.4864
16.1444 15.2617
17.7625 16.9577
17.8165 17.0391
16.7564 15.9444
19.0346 18.5139
19.6202 19.2710
17.6704 16.8926
18.6167 18.0251
17.7272 16.9416
16.9797 16.3965
16.5750 15.7577
19.6998 19.2467
19.5520 19.0571
18.5076 18.0561
20.1819 19.3693
16.6971 15.8242
17.8908 17.1863
16.3947 16.8671
19.3839 19.1002
19.7202 19.2377
17.9863 17.2814
19.7477 19.1134
19.6951 19.2250
15.2971 14.3451
14.6094 14.6486
15.8884 15.4160
19.6330 19.0739
16.9395 16.1206
19.3627 18.7768
18.3985 17.9546
17.2210 17.8435
17.2636 16.4793
17.5567 16.7953
15.1659 14.8355
15.5351 14.5549
20.0012 19.5685
19.9043 19.3872
18.9831 18.5206
17.0435 16.2341
20.2359 19.5266
20.1521 19.4855
19.7526 19.4314
15.9282 16.2285
17.3480 17.0268
18.0886 17.2844
17.5989 18.2135
15.8957 16.1800
15.6415 15.8293
17.9005 17.1763
17.6279 16.8506
19.1904 18.8115
17.4496 17.1476
15.1363 14.1147
19.7456 19.2478
19.0096 18.5254
18.7124 18.1187
17.3687 16.5572
18.3684 17.3914
16.3255 16.6532
14.8586 13.7905
17.4581 16.6837
19.5828 19.0846
19.5675 19.0335
18.8820 18.2583
19.4738 19.1386
17.9631 17.3305
19.4998 19.0218
20.1501 19.5484
19.4983 19.0461
17.8941 17.1747
14.7941 13.6836
16.4372 15.6106
19.8544 19.2943
15.8022 16.0359
16.4172 16.9337
17.6366 16.9498
16.8489 17.3588
15.9484 15.0855
14.3028 13.0760
15.7252 15.8668
15.7159 15.0650
19.0035 18.2751
19.0624 18.5141
19.0174 18.2875
19.0981 18.5116
17.4075 16.8730
19.4040 19.0562
19.8623 19.4291
15.9207 16.2223
17.8503 17.1164
19.2034 18.8058
18.9891 18.5666
19.1515 18.5872
15.7654 14.8162
15.1364 14.1147
15.5858 14.6510
17.6673 16.9527
19.0335 18.5888
18.2701 17.5252
19.2068 18.7993
17.3798 16.6714
20.3630 19.4612
19.2190 18.6278
18.2246 17.4612
17.9926 17.1786
19.0556 18.4572
17.4827 16.7357
18.4171 17.8007
18.5610 17.8545
19.5739 19.0962
18.6945 18.1419
18.1832 17.5074
18.3541 17.7853
18.0427 17.4350
18.7374 18.3237
17.1704 16.4245
19.6937 19.1626
18.3553 17.6575
18.7865 18.1966
19.1230 18.6506
15.6870 15.7777
18.3788 17.9450
15.9135 14.9555
19.0906 18.6294
15.1011 14.0412
17.8039 17.0115
17.1715 16.3648
17.2383 16.5219
19.0520 18.4356
18.0887 17.3646
15.9706 16.1673
18.8870 18.2831
16.4448 15.6984
19.9398 19.5496
19.2898 18.6729
18.1212 17.4336
15.8037 14.9134
18.9469 18.4766
15.6916 14.7375
15.8925 14.9686
19.3502 18.8296
17.7705 17.0904
19.3187 18.8851
14.9072 13.8264
18.0603 17.4870
17.8111 17.0778
17.4989 16.8464
16.0373 15.1135
16.8925 16.2217
16.5324 16.9775
17.0911 16.3260
16.3815 16.9431
16.6978 15.8583
15.0097 13.9633
18.5605 18.1504
18.6310 18.1474
18.2896 17.4985
15.1245 14.2686
19.1488 18.6283
15.9075 14.9718
16.0885 16.4224
18.0215 17.2673
14.2742 13.0708
14.0422 12.7197
17.7049 16.9714
15.6559 14.7665
17.5189 16.6987
17.6319 16.8031
19.6325 18.9355
19.1041 18.7395
18.1955 17.4346
16.9944 16.3765
18.0271 17.4652
17.1617 16.3757
17.5172 16.7924
16.2516 15.4593
17.5556 16.8764
16.9187 16.1473
15.7698 15.9759
19.3396 18.8472
17.7523 17.0914
18.8579 18.2098
17.2601 16.4406
18.9568 18.4400
17.1440 16.3042
16.2428 15.3595
17.7094 16.9126
17.9931 17.2692
17.4741 16.7984
19.6279 19.0373
17.9213 17.1468
17.1160 16.3876
15.5125 14.5343
18.9537 18.4781
15.9268 16.2234
17.3030 16.4321
18.4705 18.0423
15.2337 15.6700
18.8215 18.1249
15.0120 13.9401
16.3539 15.5454
18.4873 17.7237
18.3011 17.5047
18.6688 17.9759
19.9942 19.5378
14.7395 13.6158
19.2665 18.7052
17.1417 16.3372
16.7165 16.5292
17.2331 16.5412
19.6829 19.3836
17.2876 16.3914
19.0868 18.5251
14.9550 13.8882
17.9599 17.1938
19.1078 18.6649
18.0816 17.6449
19.2545 18.7700
15.6388 14.6683
15.9859 16.4122
16.7472 15.9782
18.5506 17.9655
19.1427 18.5541
15.8158 14.9761
18.5079 17.8317
15.3857 14.3927
15.2645 14.2567
18.8255 18.1152
17.0094 16.2109
13.8450 12.5359
16.2733 15.4365
19.4596 18.9175
18.7590 18.1889
19.0714 18.5542
18.8266 18.4433
16.5781 16.7408
19.5373 19.0083
15.2436 15.4616
19.4818 18.8550
19.3564 18.8153
17.0947 17.6123
19.3974 18.9640
19.5439 19.0527
13.4740 11.8897
17.2332 16.4660
17.0708 16.3199
19.1289 18.5003
19.9598 19.4049
16.7739 16.8369
18.4437 17.6654
15.8734 14.9608
16.5232 16.8769
17.5300 16.7498
16.3700 15.5675
18.3207 17.8975
15.1064 14.0978
15.8086 15.0112
18.8193 18.4668
20.1583 19.7079
14.9439 13.8685
16.0353 15.2735
19.3048 18.7898
19.8704 19.2121
19.7847 19.1218
19.2647 18.6528
18.8913 18.3704
19.7439 18.1881
20.6953 19.7826
13.9013 12.6720
19.0280 18.6353
15.7232 14.9571
15.9194 16.1840
19.8764 19.3235
15.4981 15.4650
15.4522 14.4771
16.5927 15.7214
14.5296 13.5250
18.6801 17.9797
15.5649 15.5444
16.2100 15.3439
19.6261 19.0552
17.4939 16.6484
16.1925 15.3685
16.4520 15.6020
16.2039 15.3255
16.7607 15.9021
15.1368 14.1695
15.1507 14.6593
15.1872 14.5696
16.4608 15.6399
16.4170 15.6269
16.7624 15.9087
14.6910 13.6079
16.6133 15.8436
15.2920 14.3479
16.2555 15.4796
15.1480 14.1356
18.6351 17.9403
14.9034 15.0730
19.6003 19.1277
15.7648 14.8771
19.6351 19.1952
14.0649 12.7601
15.9635 14.9760
16.1373 15.1434
15.6431 15.8338
20.5491 19.7783
15.6726 14.7628
16.2712 15.4524
15.2319 14.8071
19.0676 18.5768
18.9270 18.4694
19.2869 18.8762
14.9677 15.2451
15.7416 15.2925
19.1003 18.4139
15.1319 14.1757
15.5384 14.6936
20.3505 19.6185
19.7874 19.4990
18.2777 17.5167
15.0888 13.9968
19.7066 19.2232
17.4005 16.4651
17.1472 16.5298
15.7368 14.8213
16.2489 15.7385
18.0054 17.2873
15.3366 14.4632
15.0909 14.0820
17.3019 16.4878
18.8239 18.2335
18.9812 18.3940
18.4729 17.7536
19.3458 18.8305
20.0783 19.4963
14.0204 12.9059
14.9714 14.0103
14.9810 14.5434
13.7931 12.3655
18.9666 18.5306
18.0389 17.3782
16.4034 15.5131
18.1326 17.3294
13.3382 11.6173
16.3828 15.5312
17.3172 16.5814
18.5828 18.1920
18.6446 18.1455
16.7555 15.8821
15.5874 14.6091
19.2409 18.8569
20.4415 19.6565
18.4645 17.9730
16.2759 15.8892
16.1669 16.2157
19.7015 19.3272
18.2756 17.6291
14.9937 13.9693
20.1090 19.6044
18.5171 17.7838
14.2540 13.0244
17.7245 17.5587
17.6395 16.8773
15.2571 14.3925
16.0875 15.1902
18.4498 17.9760
18.4982 17.8018
19.2228 18.6315
16.1878 15.2055
18.6837 18.0259
16.4755 15.6234
19.2439 18.4552
17.3543 17.8161
19.7534 19.3923
14.1284 13.0982
17.9985 17.3929
17.1964 16.4372
16.1428 15.2366
20.3597 19.8822
18.4576 17.9208
16.3711 16.8621
17.2268 16.5395
15.8996 15.2550
14.2878 13.0714
19.7604 19.2180
19.3211 18.7268
18.2460 17.4647
15.7445 14.9592
18.0003 17.4048
14.0829 12.7735
16.0865 16.4527
16.8707 16.1303
15.9783 16.3702
15.6961 14.7231
18.9392 18.4002
16.2092 15.3391
16.8631 16.0301
18.3684 17.7245
17.1626 16.3391
15.6557 14.7295
16.3136 15.4843
16.9100 16.1335
15.9384 15.0549
18.1085 17.4208
16.0754 16.0882
19.5008 19.0617
16.6152 15.7524
16.9486 17.1346
16.8639 17.1217
16.6000 15.6813
16.4580 16.2388
18.4172 18.1139
17.3100 16.5789
19.0902 18.6793
18.9408 18.2763
18.1714 17.7103
18.5211 17.8401
18.1418 17.4589
16.9966 16.2324
16.5867 15.8609
19.4482 18.9346
16.5805 15.7661
16.2178 15.3266
19.6332 19.2440
19.3414 18.9308
15.9727 15.1602
18.7927 18.3056
19.7614 19.2835
19.3276 18.9359
19.8313 19.1997
18.7775 18.1287
19.1210 18.6685
15.2590 14.5723
19.4741 19.0656
15.8989 16.1916
19.4810 19.0793
14.4912 13.3844
16.3603 16.3648
17.9834 17.2401
17.9388 17.2668
20.4567 19.6034
20.0486 19.8825
16.6891 15.8537
15.4572 14.7099
18.5595 17.9124
19.1891 18.7006
19.4772 18.9334
18.7116 18.0123
17.2734 16.4403
18.1970 17.4578
18.5107 17.7129
16.2226 15.3081
16.2132 15.3205
16.6736 17.2162
17.7172 16.9895
15.3535 14.9388
18.2873 17.8169
19.8407 19.2401
17.8425 17.2833
19.6143 19.1191
16.4887 16.8676
18.7410 18.3774
19.4206 18.8546
17.6530 16.8488
18.9179 18.4755
17.5824 16.9334
17.0987 16.2755
19.3081 18.7587
19.6435 19.2081
19.2951 18.7229
17.8685 17.2853
18.4692 17.9998
15.5537 14.8438
18.4554 18.1050
19.1815 18.6196
15.0937 14.0725
17.6476 16.7092
15.6275 14.7102
16.5729 15.7546
19.2495 18.7379
19.5314 19.0895
19.3838 19.0015
19.6547 19.2283
17.9592 17.1867
19.6285 19.2797
17.7385 16.8458
16.3434 15.5827
17.9267 17.1362
18.1193 17.3326
19.7059 19.3048
17.5137 16.6734
16.7731 15.9063
19.1772 18.7875
19.3927 18.8920
18.6519 18.2353
15.6107 14.6461
18.0531 17.2584
15.6045 14.6709
18.7972 18.4772
19.0448 18.5041
18.7629 18.2305
18.7028 18.1244
19.1000 18.6514
16.2300 15.3349
16.7867 16.8083
14.2829 13.0983
13.8320 12.5866
19.7671 19.2670
17.6151 16.8912
17.6377 16.9811
16.4606 16.9661
16.8109 16.1613
15.9071 14.9792
16.7374 15.8678
19.4910 18.9432
19.0856 18.5857
15.4359 15.3535
19.0496 18.4899
19.2530 18.8835
16.2612 15.5140
15.9088 14.9665
18.7977 18.3402
17.5880 16.9158
18.9271 18.4214
17.5882 16.7698
17.3659 16.6518
19.0130 18.4015
18.2462 17.4849
19.0400 18.5336
19.0079 18.4822
17.2772 16.4274
16.3322 15.5138
20.0928 19.4637
17.3539 16.5460
14.3896 13.3948
17.8134 17.1412
19.5008 18.9411
20.0219 19.5776
18.1676 17.4175
17.0890 16.4957
17.5589 16.8564
18.7126 18.2404
15.8865 16.1630
18.8621 18.4252
19.1650 18.6315
17.3143 16.6065
15.9345 15.0084
16.9034 16.0800
17.9926 17.3103
19.8406 19.1626
20.2545 19.7425
19.2731 18.7213
19.4553 18.9336
18.6003 18.0538
19.6029 19.2069
18.0281 17.3600
15.3520 14.5615
20.1583 19.7153
16.8972 16.2562
19.0959 18.6822
20.1170 19.5498
16.5683 15.6887
18.5599 17.9196
18.9900 18.5849
14.5539 13.7864
18.2055 17.7519
17.4208 16.5920
20.3022 18.5309
15.0961 14.5201
14.2431 13.0474
19.0993 18.5252
16.4567 16.9425
18.8547 18.2079
19.1422 18.5696
17.2710 16.5285
13.8606 12.7106
13.8085 12.4776
15.2826 14.3122
18.1087 17.3244
16.3296 15.4305
17.7775 17.1194
16.9002 16.1335
19.6070 19.0367
19.0320 18.4251
14.8154 13.7503
18.7198 18.2219
20.1132 19.6317
15.9987 15.2133
19.4858 18.9424
20.2066 19.3451
14.4837 13.3671
14.2829 13.1050
18.2323 17.4906
18.6537 18.2016
19.3734 18.8520
14.3733 13.2732
18.7100 18.1184
19.8665 19.2687
19.3295 18.7375
20.0242 19.1974
17.3770 16.6013
14.8737 13.7999
19.7318 19.4206
20.0438 19.4499
19.3752 18.9911
19.9548 19.3285
20.4200 19.6056
19.1664 18.6841
18.8434 18.3445
16.1284 16.5567
18.4376 17.7104
17.4579 16.7034
17.0586 16.2456
17.3083 16.5659
16.6174 15.8178
16.5164 15.7635
20.2246 19.4310
19.4497 18.8983
18.9108 18.3131
19.4517 19.0455
16.4848 15.5893
15.6139 14.6320
14.2413 12.9880
15.5416 14.6324
17.3428 16.5879
17.2917 16.5050
15.7308 14.8794
15.7958 14.8741
18.2278 17.5162
19.1865 18.7669
17.7542 17.1033
19.4636 19.0181
20.1379 19.6838
20.5816 19.8823
19.0796 18.6443
19.3219 18.8168
20.0645 19.2684
18.8423 18.3214
15.5727 14.5829
17.6615 16.9395
18.8387 18.3858
19.1778 18.9484
17.6943 16.9264
19.7439 19.3991
15.6819 15.8406
19.0947 18.6003
15.9996 15.1016
16.7540 16.0393
18.1303 17.4591
16.1035 15.8269
18.6793 18.0626
13.7536 12.3016
16.1636 16.4851
15.0855 14.3168
15.5067 14.8004
20.4856 19.1804
16.0644 16.3969
19.1364 18.5695
17.9434 17.2077
16.0160 16.3474
17.4374 16.6751
15.6810 14.7915
16.3403 15.5024
16.2475 15.6260
19.9138 19.1419
20.2654 19.4404
15.8855 14.9633
17.2657 16.5709
19.0784 18.5735
16.6572 17.0497
19.2017 18.6135
13.4278 11.8180
15.4353 14.8819
17.5650 16.9042
19.8179 19.3034
19.8977 19.5121
19.8581 19.3184
18.7446 18.2265
19.3590 18.8957
18.6562 17.9808
19.8670 19.3837
19.0833 18.4285
16.6887 15.8307
14.8910 13.8138
16.0267 15.1363
19.7430 19.2349
18.3978 17.6139
18.7653 18.3678
19.9043 19.4616
13.3189 11.6707
17.6148 17.0709
19.8245 19.6897
14.9446 13.8635
17.2924 16.5045
20.5803 19.9472
20.4616 19.8529
17.0735 16.3186
20.4227 19.9446
19.1633 18.7275
20.1799 19.9218
20.1948 19.6952
18.5139 18.0050
14.4386 13.2548
18.5484 17.8301
16.5803 16.9990
15.8794 16.1630
19.0939 18.5466
20.1546 19.9159
15.6449 14.9451
20.1282 19.5103
19.1870 18.7618
17.5653 16.7660
18.6878 18.4556
19.4347 18.8265
20.2998 19.6216
18.8733 18.2356
19.6836 19.0937
19.7600 19.2222
17.5610 16.7504
18.8927 18.2713
18.6296 18.0227
19.8860 19.4180
18.0599 17.2883
20.3560 19.7913
20.8891 19.6746
19.4728 19.0918
19.8708 19.2809
19.4857 18.9726
20.2803 19.4187
19.9869 19.4482
20.1078 19.5589
19.8986 19.4722
19.2176 18.7534
19.2464 18.7387
19.2600 18.7712
19.2830 19.0076
19.2114 18.7817
17.4685 16.6569
20.3655 19.5048
20.2654 19.7183
19.0493 18.3811
19.1859 18.7186
19.8680 19.4725
19.4262 18.9271
18.6155 17.9140
19.2704 18.6913
19.9225 19.3068
13.3798 13.0984
20.3766 19.8032
20.1752 19.6375
16.7575 15.4760
20.0703 19.6111
18.1894 17.4122
19.8201 19.2591
20.0302 19.4038
19.2690 18.8934
13.6299 12.1754
19.2863 18.7588
19.7797 19.3457
19.8398 19.2369
15.9231 16.2025
20.2503 19.4991
18.9633 18.4642
16.9066 16.0536
19.5249 18.1310
19.1577 18.5847
18.9968 18.5414
19.1200 18.5362
19.6013 19.2397
19.9756 19.5086
18.8717 18.3556
19.6399 17.2148
19.0827 18.4912
19.7057 19.2047
19.8386 19.2967
19.8915 19.2546
19.7522 19.4175
18.5207 17.9066
18.9155 18.5061
19.4733 18.8910
19.5286 19.1237
18.4957 18.7939
19.9455 19.2526
16.5072 16.8950
20.3860 19.6833
14.3304 13.1003
19.8489 19.4138
20.9305 19.9518
19.9192 19.4939
20.4818 19.7373
17.9101 17.0966
20.2339 19.3587
18.8471 18.0830
20.0448 19.5588
16.3832 15.5193
20.8921 19.2100
19.6392 19.1173
18.8547 18.1860
19.6027 19.1486
16.7655 15.8824
19.8745 19.3742
21.6255 18.9661
19.3255 18.7364
19.4499 19.1386
19.0794 18.5677
17.9951 17.2351
16.4781 15.5783
20.4872 19.9449
19.3830 18.8470
20.1732 19.6641
15.5806 14.5797
18.8880 18.2769
20.0617 19.5093
19.3278 18.9191
19.5374 19.0007
18.9346 18.5304
20.0623 19.6666
20.2908 19.5718
19.3678 18.8131
20.2314 19.7259
19.8783 19.3607
18.4694 16.6203
18.5403 17.8326
19.6573 19.1877
18.2124 17.4410
13.7351 13.0680
18.8378 18.2090
19.9583 19.5612
19.8433 19.3005
17.8504 17.0535
19.4383 18.8329
18.1245 17.3244
21.1986 20.1331
19.5446 18.9752
19.0050 18.4092
19.3142 18.7284
19.3939 19.0009
16.0099 16.3832
19.5474 18.9435
19.1032 18.6373
19.8264 19.3363
19.6125 19.1252
19.6353 19.1601
20.7877 19.7419
19.6766 19.1495
20.5218 19.8795
18.9893 18.4135
19.3391 18.9285
18.8054 18.3642
19.7324 19.1537
19.4377 18.8601
20.5335 19.9009
19.1916 18.6650
20.3095 18.5550
19.1447 18.5518
20.0572 19.5756
18.6698 18.1667
19.4906 19.0132
20.1064 19.5786
16.0989 14.9399
20.2490 19.6019
20.3774 19.8226
19.1947 18.4793
18.8102 18.1863
15.6366 14.6626
18.3942 17.5996
19.2721 18.6807
20.1514 19.7706
14.9608 14.0831
19.9425 19.4711
19.4463 18.9603
19.5991 19.1726
18.1134 18.5159
20.0851 19.5648
19.3290 18.7367
19.2134 18.7141
15.3199 14.2981
20.4318 19.8020
15.7118 14.7757
21.0374 20.0267
19.0322 18.5283
19.2029 18.7946
19.7396 19.2980
19.6260 19.1613
20.1636 19.4897
20.1535 19.5615
20.2296 19.7935
19.8213 19.3849
16.9148 17.0049
17.1346 15.5074
16.2642 16.7425
19.1201 18.6007
17.4423 16.6358
15.8399 14.8864
19.0147 18.5027
20.6620 19.9067
19.5701 19.1939
18.9457 18.4189
19.1194 18.5450
18.6402 17.8979
19.4893 19.1668
19.8545 19.3257
19.7087 19.1493
19.5545 19.0462
19.5377 19.1286
19.6261 19.0540
19.8094 19.4023
16.1161 16.5017
20.0021 19.6474
19.4941 19.1783
19.6562 19.0652
20.4267 19.6792
19.5508 19.1312
18.8662 18.2912
19.6918 19.3638
17.4239 17.8851
16.4901 15.6028
20.5859 20.0679
19.3619 18.7263
19.0412 18.3050
19.7003 19.1856
19.8693 19.4240
19.8929 19.4519
19.8525 19.4640
15.6514 14.6646
18.9772 18.5312
20.4493 19.8470
17.6195 16.7856
18.6909 18.0496
19.2438 18.8313
20.3388 19.5344
20.1263 19.5409
19.5272 18.9527
19.9133 19.5261
19.9234 19.3265
19.4194 19.0203
19.5590 18.9506
18.9698 18.5423
19.6724 19.3028
19.5378 19.1332
20.0182 19.2060
20.0668 19.5580
19.2174 18.6514
20.5911 19.7343
20.0821 19.4742
18.8361 18.2414
19.9394 19.4883
20.2694 19.6466
19.7249 19.3981
 
